16 
1 15 2 65 3 142 4 200 5 160 6 119 7 155 8 222 9 228 10 73 11 23 12 104 13 199 14 78 15 34 16 25 
2 15 1 147 3 61 4 230 5 145 6 144 7 238 8 69 9 180 10 62 11 115 12 223 13 189 14 156 15 233 16 195 
3 15 1 60 2 196 4 113 5 33 6 33 7 30 8 240 9 191 10 231 11 66 12 159 13 144 14 80 15 195 16 222 
4 15 1 117 2 38 3 141 5 238 6 69 7 29 8 68 9 100 10 196 11 79 12 151 13 35 14 34 15 103 16 144 
5 15 1 223 2 118 3 147 4 194 6 227 7 146 8 109 9 22 10 119 11 237 12 22 13 114 14 183 15 191 16 192 
6 15 1 36 2 226 3 144 4 159 5 183 7 226 8 110 9 101 10 62 11 237 12 40 13 67 14 184 15 114 16 192 
7 15 1 222 2 149 3 182 4 220 5 69 6 66 8 233 9 106 10 116 11 148 12 236 13 72 14 240 15 150 16 180 
8 15 1 66 2 38 3 144 4 158 5 181 6 230 7 154 9 222 10 71 11 60 12 38 13 62 14 100 15 37 16 196 
9 15 1 228 2 23 3 198 4 65 5 220 6 235 7 38 8 233 10 182 11 108 12 197 13 29 14 40 15 108 16 72 
10 15 1 222 2 148 3 180 4 142 5 145 6 23 7 27 8 191 9 147 11 147 12 158 13 110 14 26 15 148 16 70 
11 15 1 72 2 30 3 220 4 119 5 106 6 68 7 187 8 227 9 74 10 194 12 104 13 37 14 60 15 76 16 183 
12 15 1 189 2 29 3 190 4 31 5 226 6 233 7 153 8 148 9 75 10 117 11 25 13 192 14 120 15 194 16 237 
13 15 1 194 2 64 3 149 4 101 5 106 6 104 7 148 8 221 9 160 10 28 11 153 12 235 14 30 15 226 16 65 
14 15 1 144 2 77 3 38 4 155 5 109 6 186 7 190 8 156 9 181 10 120 11 225 12 107 13 189 15 191 16 114 
15 15 1 152 2 198 3 152 4 103 5 117 6 119 7 144 8 160 9 141 10 239 11 188 12 100 13 150 14 235 16 224 
16 15 1 140 2 143 3 76 4 40 5 229 6 238 7 118 8 227 9 146 10 192 11 39 12 159 13 220 14 149 15 237 
