16
1 15 2 232 3 0.9 4 0.7 5 0.9 6 1 7 0.7 8 0.8 9 0.7 10 0.9 11 0.6 12 0.5 13 0.8 14 1 15 0.5 16 0.7 
2 15 1 229 3 237 4 1 5 0.5 6 1 7 0.7 8 0.8 9 0.7 10 0.7 11 0.5 12 1 13 0.7 14 1 15 0.6 16 0.8 
3 15 1 0.6 2 234 4 221 5 0.7 6 0.8 7 0.6 8 0.7 9 0.5 10 0.6 11 0.5 12 1 13 1 14 0.9 15 0.7 16 0.5 
4 15 1 0.5 2 1 3 226 5 223 6 0.8 7 0.6 8 0.8 9 0.5 10 0.6 11 1 12 0.9 13 0.5 14 1 15 0.8 16 0.7 
5 15 1 0.8 2 1 3 0.6 4 231 6 230 7 0.7 8 0.6 9 0.8 10 0.5 11 0.8 12 0.6 13 0.5 14 0.7 15 1 16 0.5 
6 15 1 0.5 2 0.8 3 0.5 4 0.7 5 224 7 239 8 0.8 9 0.7 10 0.7 11 0.9 12 1 13 0.5 14 0.9 15 0.8 16 0.7 
7 15 1 0.9 2 0.9 3 1 4 1 5 0.5 6 235 8 239 9 0.7 10 0.6 11 0.5 12 0.8 13 0.7 14 0.5 15 0.8 16 0.5 
8 15 1 0.9 2 0.9 3 0.8 4 0.7 5 0.5 6 0.7 7 233 9 227 10 0.7 11 0.5 12 0.8 13 1 14 0.9 15 0.6 16 0.7 
9 15 1 0.9 2 0.5 3 0.5 4 0.8 5 0.8 6 1 7 0.8 8 229 10 227 11 0.7 12 0.8 13 0.9 14 1 15 0.6 16 0.6 
10 15 1 1 2 1 3 0.8 4 0.5 5 0.7 6 0.6 7 0.5 8 0.5 9 238 11 220 12 0.9 13 0.8 14 0.5 15 0.5 16 1 
11 15 1 0.5 2 1 3 0.8 4 1 5 0.7 6 0.5 7 0.9 8 0.9 9 0.6 10 229 12 223 13 0.9 14 1 15 0.8 16 1 
12 15 1 0.9 2 0.5 3 1 4 0.5 5 0.6 6 1 7 0.6 8 0.6 9 1 10 0.7 11 225 13 233 14 0.8 15 0.5 16 0.6 
13 15 1 0.7 2 0.9 3 0.5 4 0.8 5 0.8 6 0.8 7 0.7 8 1 9 0.6 10 0.8 11 0.7 12 228 14 231 15 1 16 0.8 
14 15 1 1 2 0.9 3 0.8 4 0.9 5 0.9 6 0.9 7 0.8 8 0.8 9 0.9 10 0.5 11 0.8 12 0.9 13 236 15 224 16 0.7 
15 15 1 0.8 2 0.6 3 0.5 4 0.6 5 0.8 6 0.9 7 0.9 8 1 9 0.6 10 0.8 11 0.5 12 0.7 13 0.8 14 238 16 233 
16 15 1 0.9 2 0.5 3 0.8 4 0.6 5 0.9 6 1 7 0.9 8 0.5 9 0.8 10 0.5 11 0.9 12 0.9 13 0.9 14 0.5 15 235 
