32
1 31 2 148 3 199 4 156 5 180 6 200 7 145 8 146 9 148 10 234 11 238 12 229 13 186 14 113 15 145 16 188 17 232 18 229 19 144 20 227 21 223 22 238 23 189 24 142 25 144 26 141 27 228 28 198 29 147 30 238 31 141 32 111 
2 31 1 195 3 113 4 117 5 110 6 192 7 189 8 200 9 180 10 160 11 142 12 104 13 117 14 185 15 236 16 115 17 184 18 153 19 183 20 154 21 154 22 226 23 118 24 157 25 140 26 157 27 104 28 192 29 152 30 146 31 198 32 149 
3 31 1 228 2 233 4 239 5 196 6 150 7 187 8 234 9 238 10 142 11 149 12 145 13 154 14 143 15 199 16 190 17 160 18 120 19 197 20 197 21 120 22 115 23 229 24 191 25 228 26 196 27 118 28 115 29 119 30 149 31 144 32 188 
4 31 1 108 2 225 3 104 5 113 6 226 7 182 8 141 9 154 10 220 11 120 12 234 13 180 14 104 15 117 16 145 17 230 18 140 19 232 20 191 21 100 22 183 23 114 24 194 25 148 26 144 27 118 28 187 29 188 30 185 31 197 32 239 
5 31 1 103 2 189 3 100 4 108 6 194 7 240 8 143 9 109 10 155 11 183 12 148 13 140 14 108 15 222 16 111 17 230 18 149 19 143 20 221 21 181 22 196 23 110 24 146 25 120 26 152 27 151 28 118 29 106 30 153 31 181 32 160 
6 31 1 140 2 195 3 232 4 239 5 233 7 147 8 193 9 151 10 144 11 199 12 107 13 229 14 184 15 107 16 200 17 156 18 159 19 114 20 108 21 155 22 147 23 190 24 147 25 120 26 159 27 237 28 148 29 108 30 100 31 151 32 185 
7 31 1 146 2 198 3 188 4 111 5 234 6 200 8 193 9 144 10 195 11 182 12 120 13 154 14 230 15 188 16 154 17 221 18 120 19 197 20 144 21 184 22 220 23 233 24 225 25 146 26 226 27 160 28 151 29 116 30 197 31 104 32 222 
8 31 1 160 2 181 3 225 4 234 5 105 6 153 7 102 9 235 10 224 11 101 12 190 13 237 14 198 15 231 16 189 17 230 18 106 19 115 20 191 21 188 22 108 23 235 24 106 25 193 26 141 27 145 28 147 29 148 30 222 31 190 32 225 
9 31 1 150 2 237 3 107 4 190 5 199 6 226 7 231 8 156 10 194 11 107 12 119 13 191 14 110 15 181 16 148 17 143 18 193 19 233 20 154 21 145 22 159 23 142 24 100 25 140 26 149 27 238 28 236 29 113 30 236 31 111 32 192 
10 31 1 181 2 143 3 143 4 102 5 151 6 146 7 157 8 220 9 148 11 227 12 114 13 155 14 119 15 184 16 145 17 102 18 225 19 221 20 220 21 222 22 228 23 181 24 155 25 237 26 160 27 194 28 150 29 190 30 220 31 148 32 151 
11 31 1 119 2 101 3 186 4 146 5 149 6 232 7 197 8 227 9 102 10 105 12 110 13 110 14 237 15 181 16 141 17 114 18 157 19 107 20 141 21 146 22 184 23 155 24 227 25 102 26 222 27 103 28 101 29 227 30 227 31 112 32 149 
12 31 1 141 2 235 3 153 4 145 5 148 6 230 7 150 8 115 9 109 10 190 11 230 13 232 14 181 15 232 16 120 17 144 18 191 19 196 20 152 21 106 22 238 23 225 24 193 25 185 26 226 27 239 28 192 29 119 30 234 31 148 32 145 
13 31 1 189 2 156 3 240 4 145 5 158 6 154 7 183 8 155 9 107 10 113 11 186 12 149 14 240 15 105 16 220 17 118 18 229 19 236 20 143 21 159 22 102 23 114 24 155 25 194 26 198 27 152 28 180 29 119 30 114 31 232 32 143 
14 31 1 149 2 119 3 240 4 147 5 103 6 188 7 224 8 225 9 144 10 102 11 111 12 220 13 191 15 119 16 191 17 146 18 106 19 193 20 220 21 153 22 114 23 189 24 116 25 110 26 191 27 238 28 192 29 156 30 147 31 192 32 184 
15 31 1 140 2 112 3 117 4 155 5 222 6 238 7 115 8 153 9 144 10 117 11 196 12 185 13 158 14 221 16 228 17 192 18 140 19 183 20 195 21 194 22 227 23 195 24 102 25 235 26 156 27 102 28 148 29 183 30 196 31 145 32 158 
16 31 1 107 2 224 3 226 4 155 5 180 6 234 7 143 8 223 9 195 10 114 11 181 12 144 13 115 14 116 15 230 17 240 18 185 19 151 20 149 21 103 22 152 23 159 24 226 25 105 26 198 27 236 28 180 29 159 30 155 31 114 32 105 
17 31 1 195 2 150 3 188 4 106 5 236 6 230 7 145 8 192 9 106 10 182 11 154 12 116 13 147 14 156 15 143 16 191 18 101 19 150 20 220 21 184 22 196 23 230 24 144 25 102 26 193 27 115 28 200 29 104 30 199 31 117 32 240 
18 31 1 220 2 240 3 190 4 222 5 143 6 185 7 189 8 231 9 187 10 185 11 190 12 197 13 159 14 236 15 180 16 185 17 105 19 189 20 115 21 195 22 238 23 192 24 101 25 190 26 112 27 117 28 160 29 199 30 120 31 106 32 197 
19 31 1 235 2 142 3 184 4 183 5 118 6 186 7 228 8 153 9 231 10 192 11 154 12 143 13 151 14 158 15 183 16 191 17 151 18 159 20 158 21 153 22 183 23 240 24 226 25 148 26 159 27 116 28 113 29 148 30 119 31 104 32 112 
20 31 1 112 2 143 3 183 4 239 5 143 6 220 7 144 8 113 9 225 10 110 11 149 12 158 13 238 14 155 15 113 16 192 17 101 18 186 19 181 21 191 22 182 23 230 24 200 25 190 26 112 27 104 28 191 29 143 30 158 31 192 32 239 
21 31 1 144 2 103 3 111 4 183 5 105 6 103 7 236 8 102 9 233 10 150 11 190 12 230 13 234 14 120 15 222 16 234 17 223 18 225 19 226 20 193 22 110 23 180 24 180 25 118 26 149 27 236 28 149 29 104 30 113 31 120 32 196 
22 31 1 154 2 222 3 101 4 103 5 183 6 239 7 149 8 111 9 189 10 105 11 149 12 142 13 151 14 200 15 103 16 148 17 157 18 189 19 116 20 183 21 141 23 225 24 157 25 200 26 192 27 196 28 200 29 231 30 151 31 233 32 180 
23 31 1 109 2 183 3 197 4 221 5 192 6 147 7 193 8 195 9 237 10 233 11 150 12 148 13 180 14 142 15 188 16 108 17 145 18 193 19 187 20 150 21 200 22 108 24 117 25 112 26 222 27 225 28 111 29 233 30 223 31 154 32 109 
24 31 1 226 2 190 3 225 4 195 5 145 6 103 7 235 8 105 9 233 10 235 11 119 12 100 13 100 14 118 15 147 16 110 17 235 18 184 19 195 20 236 21 152 22 114 23 187 25 189 26 188 27 188 28 225 29 100 30 102 31 222 32 142 
25 31 1 195 2 120 3 191 4 232 5 117 6 229 7 103 8 111 9 189 10 181 11 114 12 116 13 118 14 185 15 233 16 110 17 198 18 143 19 156 20 189 21 141 22 104 23 194 24 225 26 143 27 240 28 153 29 181 30 144 31 104 32 140 
26 31 1 108 2 157 3 115 4 229 5 187 6 223 7 103 8 155 9 152 10 200 11 141 12 192 13 228 14 159 15 112 16 104 17 240 18 188 19 235 20 111 21 157 22 140 23 195 24 187 25 226 27 142 28 227 29 197 30 145 31 200 32 226 
27 31 1 108 2 190 3 181 4 223 5 151 6 147 7 221 8 107 9 113 10 154 11 182 12 232 13 189 14 157 15 108 16 143 17 182 18 154 19 108 20 110 21 151 22 233 23 180 24 110 25 228 26 193 28 189 29 233 30 142 31 235 32 196 
28 31 1 197 2 143 3 228 4 110 5 159 6 148 7 194 8 143 9 228 10 234 11 109 12 152 13 113 14 230 15 226 16 102 17 157 18 157 19 196 20 193 21 101 22 221 23 102 24 106 25 144 26 148 27 159 29 144 30 189 31 114 32 101 
29 31 1 189 2 224 3 185 4 104 5 220 6 236 7 190 8 221 9 224 10 197 11 119 12 193 13 110 14 110 15 141 16 226 17 147 18 100 19 142 20 182 21 190 22 237 23 230 24 155 25 229 26 146 27 150 28 240 30 152 31 106 32 142 
30 31 1 104 2 100 3 104 4 151 5 100 6 220 7 117 8 104 9 109 10 238 11 240 12 224 13 116 14 149 15 118 16 109 17 233 18 227 19 220 20 183 21 143 22 236 23 157 24 109 25 157 26 100 27 101 28 194 29 120 31 194 32 158 
31 31 1 225 2 114 3 222 4 145 5 151 6 233 7 141 8 113 9 229 10 227 11 149 12 108 13 185 14 152 15 198 16 232 17 153 18 222 19 227 20 151 21 148 22 117 23 144 24 227 25 147 26 101 27 181 28 225 29 106 30 160 32 145 
32 31 1 184 2 180 3 229 4 228 5 114 6 231 7 155 8 226 9 221 10 228 11 197 12 221 13 149 14 238 15 146 16 182 17 156 18 238 19 145 20 228 21 197 22 141 23 198 24 116 25 111 26 142 27 182 28 154 29 144 30 234 31 159 
