16
1 15 2 152 3 105 4 106 5 101 6 153 7 151 8 142 9 108 10 149 11 144 12 154 13 157 14 117 15 157 16 159 
2 15 1 240 3 231 4 221 5 224 6 232 7 225 8 223 9 233 10 235 11 236 12 235 13 225 14 223 15 237 16 233 
3 15 1 109 2 120 4 112 5 148 6 113 7 145 8 114 9 116 10 156 11 105 12 118 13 100 14 145 15 141 16 156 
4 15 1 160 2 143 3 119 5 116 6 103 7 103 8 141 9 142 10 140 11 141 12 113 13 154 14 144 15 104 16 106 
5 15 1 100 2 141 3 103 4 160 6 101 7 103 8 147 9 157 10 120 11 145 12 120 13 155 14 145 15 151 16 101 
6 15 1 106 2 120 3 143 4 104 5 118 7 141 8 103 9 140 10 155 11 112 12 156 13 152 14 103 15 106 16 144 
7 15 1 148 2 106 3 158 4 107 5 108 6 101 8 140 9 115 10 102 11 118 12 145 13 141 14 140 15 112 16 114 
8 15 1 149 2 103 3 144 4 140 5 159 6 154 7 156 9 101 10 152 11 119 12 112 13 158 14 157 15 116 16 101 
9 15 1 120 2 147 3 140 4 101 5 140 6 108 7 115 8 105 10 114 11 116 12 101 13 150 14 158 15 114 16 150 
10 15 1 159 2 140 3 149 4 156 5 160 6 105 7 107 8 111 9 156 11 146 12 111 13 156 14 103 15 144 16 144 
11 15 1 107 2 159 3 105 4 145 5 116 6 113 7 150 8 140 9 109 10 141 12 142 13 118 14 112 15 106 16 153 
12 15 1 145 2 148 3 102 4 150 5 150 6 109 7 144 8 140 9 158 10 114 11 102 13 110 14 149 15 117 16 113 
13 15 1 103 2 145 3 100 4 102 5 111 6 112 7 114 8 117 9 156 10 101 11 152 12 100 14 100 15 119 16 101 
14 15 1 104 2 146 3 154 4 114 5 152 6 145 7 104 8 155 9 109 10 152 11 155 12 111 13 140 15 103 16 148 
15 15 1 145 2 105 3 159 4 155 5 152 6 155 7 108 8 112 9 156 10 109 11 148 12 107 13 157 14 109 16 142 
16 15 1 101 2 104 3 117 4 103 5 151 6 115 7 148 8 140 9 101 10 118 11 102 12 153 13 103 14 153 15 105 
