16
1 15 2 144 3 157 4 199 5 120 6 226 7 146 8 159 9 228 10 190 11 191 12 227 13 193 14 191 15 142 16 200 
2 15 1 156 3 238 4 230 5 140 6 188 7 159 8 106 9 222 10 222 11 148 12 146 13 106 14 103 15 223 16 150 
3 15 1 223 2 145 4 154 5 112 6 100 7 239 8 192 9 115 10 237 11 183 12 189 13 155 14 187 15 147 16 182 
4 15 1 190 2 100 3 224 5 106 6 107 7 192 8 140 9 228 10 154 11 189 12 224 13 183 14 188 15 155 16 156 
5 15 1 149 2 100 3 236 4 102 6 236 7 223 8 112 9 148 10 198 11 158 12 153 13 101 14 119 15 223 16 181 
6 15 1 106 2 240 3 196 4 106 5 156 7 182 8 107 9 141 10 150 11 231 12 100 13 227 14 238 15 228 16 155 
7 15 1 196 2 197 3 182 4 108 5 186 6 147 8 198 9 221 10 185 11 193 12 237 13 156 14 232 15 225 16 189 
8 15 1 106 2 196 3 196 4 192 5 223 6 223 7 144 9 181 10 116 11 113 12 199 13 158 14 229 15 104 16 227 
9 15 1 190 2 234 3 194 4 198 5 226 6 141 7 188 8 106 10 189 11 193 12 105 13 186 14 102 15 190 16 226 
10 15 1 116 2 107 3 236 4 152 5 224 6 193 7 225 8 191 9 189 11 150 12 197 13 111 14 198 15 194 16 196 
11 15 1 160 2 112 3 156 4 105 5 119 6 222 7 235 8 229 9 196 10 159 12 156 13 100 14 154 15 233 16 239 
12 15 1 145 2 235 3 221 4 120 5 233 6 235 7 225 8 100 9 109 10 108 11 200 13 140 14 223 15 191 16 199 
13 15 1 222 2 184 3 156 4 223 5 151 6 190 7 110 8 190 9 229 10 222 11 104 12 155 14 156 15 114 16 233 
14 15 1 112 2 152 3 150 4 119 5 100 6 188 7 150 8 225 9 183 10 195 11 185 12 104 13 119 15 237 16 102 
15 15 1 181 2 141 3 229 4 199 5 181 6 154 7 105 8 184 9 239 10 160 11 189 12 109 13 183 14 229 16 117 
16 15 1 106 2 103 3 149 4 237 5 235 6 144 7 144 8 107 9 115 10 112 11 119 12 155 13 150 14 113 15 195 
