32
1 31 2 225 3 148 4 142 5 190 6 150 7 149 8 104 9 60 10 238 11 154 12 182 13 190 14 109 15 237 16 33 17 23 18 25 19 220 20 182 21 111 22 32 23 114 24 117 25 116 26 221 27 192 28 140 29 100 30 39 31 101 32 104 
2 31 1 186 3 154 4 154 5 112 6 225 7 144 8 115 9 149 10 112 11 75 12 71 13 20 14 223 15 108 16 145 17 65 18 119 19 75 20 72 21 75 22 148 23 32 24 196 25 149 26 108 27 67 28 197 29 229 30 182 31 141 32 24 
3 31 1 37 2 23 4 191 5 75 6 28 7 140 8 221 9 118 10 102 11 113 12 63 13 33 14 145 15 185 16 141 17 151 18 188 19 105 20 186 21 141 22 119 23 151 24 115 25 228 26 151 27 141 28 228 29 144 30 190 31 38 32 156 
4 31 1 104 2 80 3 120 5 225 6 118 7 40 8 141 9 33 10 146 11 28 12 76 13 221 14 224 15 146 16 78 17 107 18 21 19 148 20 70 21 238 22 73 23 33 24 226 25 220 26 147 27 238 28 101 29 61 30 186 31 105 32 142 
5 31 1 221 2 37 3 140 4 140 6 71 7 71 8 64 9 27 10 185 11 113 12 236 13 39 14 154 15 78 16 106 17 190 18 200 19 77 20 109 21 156 22 225 23 183 24 39 25 151 26 20 27 185 28 32 29 187 30 228 31 144 32 21 
6 31 1 40 2 155 3 220 4 148 5 182 7 120 8 78 9 191 10 120 11 230 12 105 13 186 14 226 15 194 16 144 17 159 18 75 19 75 20 194 21 106 22 231 23 39 24 120 25 37 26 198 27 39 28 67 29 232 30 236 31 120 32 158 
7 31 1 120 2 69 3 223 4 195 5 38 6 113 8 234 9 180 10 186 11 34 12 199 13 187 14 229 15 113 16 199 17 103 18 159 19 69 20 191 21 28 22 27 23 80 24 188 25 106 26 236 27 119 28 116 29 220 30 66 31 229 32 200 
8 31 1 160 2 20 3 237 4 110 5 198 6 221 7 35 9 153 10 61 11 118 12 160 13 220 14 115 15 31 16 108 17 192 18 65 19 34 20 183 21 143 22 198 23 193 24 72 25 148 26 71 27 150 28 114 29 188 30 35 31 188 32 226 
9 31 1 188 2 110 3 190 4 222 5 227 6 156 7 187 8 61 10 198 11 76 12 101 13 76 14 153 15 108 16 108 17 118 18 103 19 113 20 77 21 144 22 72 23 40 24 105 25 69 26 32 27 228 28 69 29 61 30 107 31 200 32 80 
10 31 1 107 2 101 3 35 4 193 5 118 6 120 7 160 8 236 9 143 11 109 12 198 13 71 14 39 15 222 16 150 17 72 18 223 19 77 20 67 21 78 22 113 23 157 24 155 25 119 26 196 27 148 28 24 29 227 30 233 31 38 32 111 
11 31 1 158 2 221 3 230 4 21 5 228 6 158 7 22 8 74 9 151 10 186 12 77 13 113 14 28 15 153 16 226 17 74 18 155 19 236 20 158 21 148 22 27 23 147 24 39 25 27 26 65 27 23 28 240 29 183 30 120 31 191 32 155 
12 31 1 27 2 197 3 151 4 116 5 78 6 102 7 191 8 22 9 145 10 149 11 228 13 184 14 233 15 65 16 147 17 226 18 67 19 33 20 33 21 155 22 68 23 113 24 236 25 193 26 39 27 109 28 146 29 116 30 192 31 60 32 36 
13 31 1 70 2 25 3 159 4 147 5 185 6 188 7 190 8 29 9 223 10 181 11 192 12 20 14 222 15 103 16 28 17 185 18 80 19 114 20 63 21 149 22 152 23 102 24 118 25 221 26 236 27 29 28 64 29 192 30 220 31 185 32 32 
14 31 1 61 2 156 3 145 4 194 5 25 6 149 7 182 8 236 9 184 10 120 11 77 12 60 13 29 15 80 16 144 17 22 18 38 19 197 20 35 21 236 22 231 23 104 24 227 25 32 26 228 27 142 28 113 29 109 30 120 31 112 32 157 
15 31 1 145 2 147 3 115 4 107 5 237 6 71 7 184 8 156 9 67 10 224 11 24 12 69 13 113 14 119 16 230 17 192 18 25 19 32 20 157 21 226 22 32 23 150 24 112 25 149 26 228 27 223 28 64 29 181 30 20 31 38 32 111 
16 31 1 180 2 227 3 29 4 188 5 73 6 147 7 151 8 149 9 34 10 27 11 22 12 108 13 146 14 40 15 195 17 72 18 141 19 185 20 200 21 63 22 229 23 194 24 105 25 36 26 113 27 235 28 151 29 117 30 28 31 240 32 223 
17 31 1 116 2 107 3 150 4 191 5 115 6 240 7 158 8 184 9 63 10 233 11 30 12 158 13 199 14 158 15 68 16 64 18 159 19 221 20 234 21 80 22 232 23 233 24 180 25 120 26 112 27 78 28 72 29 63 30 181 31 24 32 197 
18 31 1 229 2 38 3 182 4 220 5 237 6 196 7 160 8 104 9 37 10 185 11 115 12 109 13 25 14 238 15 156 16 235 17 188 19 152 20 102 21 188 22 223 23 186 24 36 25 196 26 23 27 186 28 156 29 195 30 141 31 67 32 101 
19 31 1 239 2 72 3 116 4 140 5 192 6 182 7 182 8 64 9 68 10 77 11 105 12 187 13 111 14 230 15 102 16 39 17 157 18 66 20 22 21 113 22 26 23 186 24 149 25 182 26 155 27 109 28 107 29 198 30 181 31 235 32 34 
20 31 1 221 2 79 3 141 4 231 5 149 6 223 7 21 8 62 9 187 10 38 11 37 12 230 13 141 14 197 15 231 16 102 17 119 18 197 19 78 21 188 22 221 23 118 24 21 25 21 26 38 27 220 28 22 29 142 30 77 31 193 32 67 
21 31 1 196 2 31 3 182 4 195 5 72 6 120 7 195 8 187 9 224 10 114 11 153 12 190 13 155 14 151 15 71 16 200 17 182 18 237 19 75 20 152 22 186 23 112 24 149 25 235 26 240 27 115 28 63 29 184 30 68 31 142 32 71 
22 31 1 223 2 228 3 33 4 30 5 225 6 116 7 34 8 31 9 195 10 75 11 160 12 231 13 192 14 195 15 75 16 152 17 75 18 157 19 237 20 30 21 80 23 194 24 227 25 198 26 73 27 188 28 187 29 72 30 75 31 69 32 27 
23 31 1 227 2 77 3 27 4 189 5 152 6 37 7 116 8 148 9 222 10 141 11 190 12 106 13 107 14 23 15 190 16 115 17 110 18 199 19 20 20 228 21 112 22 74 24 108 25 76 26 240 27 157 28 185 29 227 30 61 31 104 32 221 
24 31 1 65 2 146 3 24 4 107 5 36 6 196 7 21 8 189 9 228 10 114 11 196 12 104 13 149 14 232 15 76 16 230 17 120 18 100 19 199 20 191 21 103 22 101 23 186 25 61 26 36 27 196 28 32 29 33 30 105 31 110 32 113 
25 31 1 37 2 152 3 112 4 62 5 102 6 227 7 68 8 151 9 183 10 80 11 114 12 158 13 189 14 146 15 200 16 75 17 69 18 31 19 154 20 60 21 238 22 115 23 38 24 30 26 26 27 78 28 240 29 184 30 234 31 184 32 67 
26 31 1 187 2 222 3 154 4 30 5 146 6 118 7 189 8 22 9 236 10 106 11 226 12 104 13 191 14 38 15 68 16 112 17 36 18 190 19 65 20 240 21 223 22 110 23 72 24 186 25 119 27 74 28 196 29 152 30 73 31 220 32 70 
27 31 1 74 2 142 3 71 4 223 5 77 6 185 7 34 8 157 9 40 10 71 11 198 12 29 13 193 14 76 15 62 16 103 17 109 18 39 19 189 20 68 21 144 22 229 23 145 24 196 25 78 26 36 28 193 29 100 30 23 31 75 32 200 
28 31 1 159 2 239 3 224 4 236 5 68 6 103 7 196 8 80 9 231 10 158 11 187 12 226 13 111 14 103 15 232 16 220 17 109 18 24 19 182 20 143 21 118 22 104 23 112 24 181 25 156 26 223 27 24 29 188 30 195 31 199 32 190 
29 31 1 112 2 117 3 228 4 232 5 25 6 74 7 158 8 150 9 102 10 34 11 142 12 30 13 71 14 118 15 187 16 147 17 222 18 191 19 116 20 238 21 67 22 148 23 231 24 120 25 200 26 196 27 68 28 30 30 148 31 107 32 71 
30 31 1 153 2 151 3 40 4 24 5 107 6 26 7 192 8 232 9 27 10 40 11 29 12 183 13 222 14 61 15 23 16 79 17 104 18 37 19 156 20 199 21 108 22 116 23 157 24 106 25 35 26 221 27 70 28 198 29 72 31 80 32 149 
31 31 1 66 2 105 3 33 4 40 5 101 6 231 7 142 8 60 9 228 10 71 11 154 12 111 13 30 14 65 15 194 16 23 17 25 18 141 19 187 20 24 21 106 22 21 23 101 24 195 25 32 26 36 27 220 28 234 29 66 30 196 32 31 
32 31 1 78 2 147 3 190 4 200 5 39 6 149 7 111 8 20 9 156 10 65 11 195 12 113 13 154 14 223 15 34 16 27 17 26 18 190 19 143 20 67 21 190 22 221 23 100 24 220 25 110 26 224 27 231 28 227 29 193 30 71 31 160 
