32
1 31 2 239 3 0.8 4 1 5 0.8 6 0.5 7 0.7 8 0.9 9 1 10 0.7 11 0.7 12 0.8 13 0.7 14 0.6 15 0.9 16 0.7 17 0.9 18 0.7 19 0.5 20 0.5 21 0.5 22 0.9 23 1 24 1 25 0.8 26 0.8 27 1 28 0.8 29 0.8 30 0.6 31 0.5 32 0.7 
2 31 1 238 3 230 4 0.6 5 0.8 6 0.7 7 0.9 8 1 9 0.6 10 0.9 11 0.5 12 0.9 13 0.5 14 1 15 0.5 16 0.7 17 0.8 18 0.7 19 0.7 20 0.6 21 0.6 22 0.9 23 0.6 24 0.5 25 0.6 26 0.7 27 0.8 28 0.7 29 1 30 0.7 31 0.7 32 1 
3 31 1 0.7 2 224 4 233 5 0.8 6 0.9 7 0.8 8 0.6 9 0.8 10 0.6 11 0.6 12 0.6 13 1 14 0.5 15 0.6 16 1 17 0.7 18 0.6 19 0.6 20 0.8 21 0.7 22 1 23 0.7 24 0.5 25 0.9 26 0.9 27 0.7 28 0.9 29 0.6 30 0.7 31 0.9 32 0.6 
4 31 1 1 2 0.5 3 223 5 223 6 0.9 7 0.8 8 0.6 9 0.6 10 0.7 11 0.7 12 0.5 13 0.6 14 0.6 15 1 16 0.5 17 0.6 18 1 19 1 20 0.7 21 1 22 0.7 23 1 24 0.9 25 0.9 26 0.6 27 0.5 28 0.5 29 0.6 30 0.7 31 0.9 32 0.5 
5 31 1 1 2 1 3 0.9 4 229 6 230 7 0.6 8 0.6 9 0.6 10 0.6 11 0.7 12 0.6 13 0.7 14 0.8 15 1 16 0.5 17 0.9 18 0.9 19 0.8 20 0.9 21 0.8 22 1 23 0.8 24 1 25 0.6 26 0.8 27 1 28 0.6 29 0.7 30 0.5 31 0.8 32 0.5 
6 31 1 0.8 2 0.7 3 0.9 4 0.8 5 228 7 240 8 0.8 9 0.8 10 0.5 11 1 12 0.7 13 0.5 14 0.5 15 0.6 16 0.9 17 0.7 18 0.8 19 0.6 20 0.5 21 1 22 0.9 23 0.7 24 0.9 25 1 26 1 27 0.9 28 0.9 29 1 30 0.7 31 0.6 32 1 
7 31 1 1 2 0.7 3 0.8 4 0.6 5 0.9 6 220 8 227 9 0.6 10 0.9 11 0.8 12 0.8 13 0.7 14 0.8 15 0.8 16 0.5 17 1 18 0.5 19 0.6 20 1 21 1 22 0.8 23 1 24 0.9 25 0.5 26 0.7 27 0.5 28 0.9 29 0.6 30 0.7 31 0.8 32 0.9 
8 31 1 1 2 1 3 0.6 4 0.5 5 0.6 6 1 7 236 9 228 10 0.8 11 1 12 0.9 13 1 14 0.5 15 0.6 16 0.8 17 0.8 18 1 19 0.7 20 0.8 21 1 22 1 23 0.5 24 0.6 25 0.8 26 0.8 27 0.6 28 0.6 29 0.9 30 0.6 31 0.8 32 0.8 
9 31 1 0.5 2 0.5 3 0.7 4 1 5 0.7 6 0.7 7 0.8 8 236 10 238 11 0.6 12 0.5 13 0.8 14 0.6 15 0.6 16 0.9 17 1 18 0.6 19 0.6 20 0.5 21 0.9 22 0.9 23 0.5 24 1 25 0.7 26 0.8 27 0.9 28 0.6 29 0.5 30 1 31 0.9 32 0.8 
10 31 1 0.8 2 1 3 0.8 4 0.7 5 0.6 6 1 7 0.9 8 0.8 9 238 11 225 12 0.9 13 0.9 14 0.5 15 0.8 16 0.7 17 0.8 18 0.7 19 0.6 20 0.8 21 0.9 22 0.5 23 0.7 24 0.8 25 0.7 26 1 27 0.6 28 0.8 29 1 30 0.9 31 0.7 32 0.5 
11 31 1 0.7 2 1 3 0.9 4 0.9 5 0.9 6 0.6 7 0.7 8 0.6 9 0.9 10 237 12 232 13 0.5 14 0.9 15 0.6 16 0.6 17 0.6 18 0.6 19 0.7 20 0.8 21 0.5 22 0.7 23 1 24 0.6 25 0.9 26 0.9 27 0.6 28 0.5 29 0.7 30 1 31 0.5 32 0.5 
12 31 1 0.6 2 1 3 0.9 4 0.9 5 0.8 6 0.9 7 0.9 8 0.7 9 0.5 10 0.9 11 229 13 236 14 0.7 15 1 16 0.7 17 0.6 18 0.9 19 0.7 20 0.9 21 0.9 22 0.8 23 0.8 24 0.9 25 1 26 0.5 27 1 28 1 29 0.5 30 0.9 31 1 32 0.5 
13 31 1 0.9 2 0.7 3 0.8 4 0.7 5 1 6 0.6 7 0.9 8 0.5 9 0.6 10 0.7 11 0.9 12 229 14 240 15 0.6 16 0.5 17 0.7 18 1 19 0.8 20 0.5 21 0.7 22 0.5 23 0.7 24 0.5 25 0.8 26 0.5 27 1 28 0.8 29 0.9 30 0.8 31 0.7 32 0.7 
14 31 1 1 2 0.8 3 1 4 0.6 5 0.5 6 0.9 7 0.5 8 0.5 9 0.9 10 0.5 11 0.9 12 0.9 13 230 15 234 16 0.8 17 0.8 18 0.8 19 0.5 20 0.6 21 1 22 0.9 23 0.6 24 0.8 25 0.6 26 1 27 0.7 28 0.7 29 0.8 30 0.8 31 0.8 32 0.9 
15 31 1 0.8 2 0.5 3 0.6 4 0.7 5 0.5 6 0.5 7 0.5 8 1 9 0.7 10 1 11 0.8 12 0.5 13 0.5 14 224 16 223 17 0.6 18 0.7 19 0.6 20 0.5 21 0.6 22 0.8 23 0.5 24 0.7 25 0.8 26 0.8 27 0.9 28 0.8 29 1 30 1 31 0.5 32 0.8 
16 31 1 0.5 2 0.9 3 0.9 4 0.8 5 1 6 0.7 7 0.6 8 0.9 9 0.9 10 0.5 11 1 12 0.8 13 0.9 14 0.9 15 227 17 228 18 0.5 19 0.9 20 0.9 21 1 22 0.6 23 0.7 24 0.6 25 0.7 26 1 27 0.8 28 0.9 29 0.9 30 0.8 31 0.9 32 0.6 
17 31 1 0.8 2 0.8 3 0.5 4 0.9 5 0.5 6 0.5 7 0.5 8 0.7 9 1 10 0.5 11 1 12 0.7 13 1 14 0.9 15 0.5 16 225 18 225 19 0.9 20 0.9 21 0.7 22 0.9 23 0.5 24 0.6 25 0.9 26 0.5 27 1 28 0.7 29 0.7 30 0.5 31 1 32 0.9 
18 31 1 0.6 2 0.5 3 0.7 4 0.5 5 0.5 6 0.7 7 0.9 8 0.5 9 1 10 0.9 11 1 12 0.6 13 0.6 14 0.6 15 0.7 16 0.7 17 224 19 224 20 0.5 21 0.5 22 0.7 23 1 24 1 25 1 26 0.8 27 0.9 28 0.6 29 1 30 0.9 31 0.5 32 0.6 
19 31 1 0.5 2 0.5 3 0.8 4 0.9 5 0.9 6 0.9 7 0.7 8 0.9 9 0.8 10 0.9 11 0.7 12 1 13 0.5 14 0.8 15 1 16 0.5 17 0.6 18 221 20 239 21 1 22 0.7 23 0.8 24 1 25 0.6 26 0.5 27 0.6 28 0.5 29 0.9 30 0.9 31 0.6 32 1 
20 31 1 0.7 2 1 3 0.6 4 0.5 5 0.7 6 1 7 0.5 8 0.5 9 0.7 10 0.9 11 0.5 12 1 13 0.7 14 0.9 15 0.7 16 0.7 17 0.8 18 0.7 19 224 21 236 22 0.9 23 0.7 24 0.5 25 0.8 26 0.6 27 1 28 0.8 29 1 30 0.8 31 0.7 32 0.9 
21 31 1 1 2 0.5 3 1 4 0.8 5 0.7 6 0.7 7 0.8 8 0.5 9 0.8 10 0.5 11 0.6 12 0.7 13 0.7 14 1 15 0.8 16 0.8 17 0.5 18 1 19 0.7 20 239 22 221 23 0.7 24 1 25 0.9 26 0.8 27 1 28 0.6 29 0.7 30 0.5 31 0.7 32 1 
22 31 1 0.5 2 0.7 3 0.7 4 0.6 5 0.9 6 0.8 7 0.8 8 0.9 9 0.5 10 0.8 11 1 12 0.5 13 0.8 14 0.7 15 0.6 16 0.9 17 0.8 18 0.5 19 0.5 20 0.7 21 233 23 233 24 0.7 25 0.8 26 0.9 27 0.6 28 1 29 1 30 0.6 31 0.6 32 0.7 
23 31 1 1 2 0.8 3 0.7 4 0.6 5 1 6 1 7 0.9 8 0.8 9 1 10 1 11 0.8 12 0.9 13 0.7 14 0.8 15 1 16 1 17 0.5 18 0.9 19 0.8 20 0.8 21 0.8 22 236 24 226 25 0.6 26 0.8 27 0.9 28 0.9 29 0.5 30 0.8 31 0.8 32 0.7 
24 31 1 0.6 2 0.9 3 0.9 4 0.5 5 0.8 6 0.9 7 0.7 8 0.5 9 0.6 10 0.6 11 0.6 12 1 13 0.6 14 1 15 1 16 0.5 17 0.8 18 0.8 19 0.7 20 0.9 21 0.5 22 0.5 23 227 25 240 26 0.8 27 1 28 0.8 29 0.8 30 0.6 31 0.5 32 0.8 
25 31 1 0.5 2 0.9 3 0.7 4 0.5 5 0.6 6 0.9 7 0.7 8 0.5 9 1 10 0.6 11 0.6 12 0.8 13 0.5 14 0.9 15 0.7 16 1 17 0.7 18 0.8 19 0.6 20 0.5 21 0.6 22 0.6 23 0.7 24 236 26 229 27 1 28 0.9 29 0.9 30 0.9 31 0.8 32 0.7 
26 31 1 0.9 2 0.6 3 0.7 4 0.9 5 0.6 6 0.5 7 0.9 8 0.6 9 1 10 0.8 11 0.5 12 0.7 13 0.7 14 1 15 0.7 16 0.6 17 0.6 18 0.8 19 0.5 20 1 21 1 22 1 23 0.6 24 0.9 25 222 27 234 28 0.5 29 1 30 0.8 31 0.8 32 0.6 
27 31 1 0.7 2 0.8 3 0.6 4 0.9 5 0.7 6 0.6 7 0.6 8 0.8 9 0.9 10 0.7 11 0.6 12 1 13 0.9 14 0.5 15 0.6 16 0.8 17 1 18 0.8 19 0.6 20 0.8 21 0.5 22 0.6 23 0.9 24 0.9 25 0.6 26 236 28 237 29 0.5 30 1 31 0.9 32 1 
28 31 1 1 2 1 3 0.5 4 0.6 5 0.6 6 1 7 0.7 8 0.7 9 0.9 10 0.8 11 0.8 12 0.8 13 1 14 0.7 15 0.7 16 0.8 17 1 18 0.8 19 0.7 20 0.7 21 0.8 22 0.8 23 1 24 1 25 1 26 0.5 27 229 29 235 30 0.8 31 0.9 32 0.8 
29 31 1 0.7 2 0.8 3 0.6 4 0.9 5 0.9 6 0.6 7 0.9 8 0.5 9 0.8 10 0.6 11 0.6 12 0.5 13 0.6 14 0.8 15 0.5 16 0.7 17 0.6 18 0.9 19 0.9 20 0.8 21 1 22 0.7 23 0.5 24 0.8 25 1 26 0.6 27 0.8 28 231 30 225 31 0.6 32 0.8 
30 31 1 1 2 0.7 3 1 4 0.8 5 0.5 6 0.9 7 0.6 8 0.9 9 0.6 10 0.8 11 1 12 1 13 0.7 14 0.6 15 0.8 16 0.9 17 0.7 18 1 19 0.7 20 0.8 21 1 22 0.7 23 0.7 24 0.5 25 0.6 26 0.6 27 0.8 28 0.7 29 223 31 233 32 1 
31 31 1 0.7 2 0.9 3 0.7 4 0.8 5 0.9 6 0.5 7 1 8 0.5 9 1 10 0.5 11 0.8 12 0.9 13 0.5 14 0.9 15 0.5 16 0.9 17 0.9 18 1 19 0.9 20 0.5 21 0.7 22 0.6 23 0.7 24 0.7 25 0.5 26 0.6 27 0.8 28 0.7 29 0.9 30 234 32 232 
32 31 1 0.6 2 0.8 3 0.7 4 0.9 5 1 6 0.6 7 0.6 8 1 9 0.5 10 1 11 0.8 12 0.8 13 1 14 1 15 0.6 16 0.6 17 0.7 18 0.5 19 0.5 20 0.5 21 0.6 22 1 23 0.5 24 0.6 25 1 26 0.6 27 1 28 0.5 29 1 30 0.9 31 223 
