32
1 31 2 160 3 113 4 117 5 112 6 119 7 154 8 153 9 147 10 113 11 118 12 109 13 157 14 119 15 112 16 160 17 108 18 108 19 100 20 145 21 104 22 157 23 151 24 112 25 140 26 108 27 111 28 147 29 143 30 148 31 119 32 150 
2 31 1 234 3 235 4 235 5 233 6 230 7 237 8 227 9 230 10 240 11 232 12 234 13 229 14 230 15 240 16 232 17 220 18 232 19 240 20 235 21 222 22 238 23 224 24 223 25 237 26 230 27 225 28 228 29 236 30 238 31 235 32 234 
3 31 1 144 2 113 4 143 5 154 6 154 7 106 8 158 9 157 10 140 11 117 12 104 13 152 14 152 15 106 16 158 17 149 18 148 19 153 20 119 21 156 22 110 23 147 24 154 25 158 26 142 27 149 28 145 29 154 30 103 31 119 32 150 
4 31 1 120 2 120 3 117 5 117 6 120 7 155 8 109 9 151 10 108 11 116 12 118 13 115 14 159 15 149 16 104 17 108 18 148 19 105 20 104 21 153 22 106 23 142 24 141 25 154 26 100 27 160 28 114 29 100 30 104 31 157 32 145 
5 31 1 150 2 140 3 112 4 111 6 100 7 103 8 114 9 154 10 148 11 104 12 118 13 107 14 108 15 105 16 157 17 119 18 103 19 109 20 100 21 108 22 154 23 160 24 103 25 149 26 115 27 143 28 148 29 100 30 148 31 102 32 151 
6 31 1 150 2 149 3 143 4 101 5 101 7 116 8 150 9 106 10 160 11 152 12 111 13 118 14 146 15 113 16 141 17 160 18 100 19 155 20 152 21 159 22 153 23 107 24 153 25 151 26 104 27 119 28 147 29 109 30 104 31 107 32 160 
7 31 1 156 2 119 3 114 4 148 5 155 6 107 8 150 9 107 10 160 11 159 12 157 13 108 14 108 15 140 16 111 17 145 18 106 19 118 20 108 21 151 22 114 23 120 24 153 25 104 26 115 27 102 28 160 29 154 30 110 31 148 32 154 
8 31 1 101 2 120 3 157 4 104 5 144 6 140 7 153 9 145 10 146 11 146 12 160 13 111 14 116 15 117 16 144 17 142 18 120 19 141 20 145 21 114 22 145 23 113 24 142 25 155 26 104 27 101 28 150 29 117 30 158 31 111 32 149 
9 31 1 110 2 106 3 115 4 111 5 108 6 148 7 115 8 106 10 153 11 141 12 145 13 147 14 148 15 102 16 150 17 145 18 150 19 117 20 107 21 110 22 159 23 146 24 151 25 116 26 114 27 107 28 119 29 111 30 110 31 141 32 148 
10 31 1 103 2 153 3 153 4 154 5 145 6 159 7 102 8 140 9 140 11 149 12 158 13 116 14 153 15 116 16 111 17 112 18 141 19 143 20 103 21 142 22 151 23 146 24 157 25 140 26 148 27 107 28 154 29 115 30 119 31 144 32 105 
11 31 1 142 2 145 3 141 4 140 5 142 6 108 7 141 8 155 9 157 10 120 12 154 13 110 14 150 15 140 16 148 17 111 18 119 19 101 20 146 21 146 22 149 23 112 24 157 25 107 26 102 27 105 28 110 29 150 30 117 31 141 32 101 
12 31 1 154 2 117 3 147 4 141 5 106 6 144 7 155 8 107 9 142 10 102 11 103 13 141 14 147 15 107 16 152 17 149 18 141 19 155 20 153 21 145 22 148 23 150 24 110 25 115 26 109 27 150 28 150 29 112 30 141 31 112 32 160 
13 31 1 104 2 111 3 156 4 112 5 146 6 158 7 105 8 113 9 145 10 146 11 119 12 112 14 159 15 154 16 148 17 105 18 149 19 156 20 160 21 145 22 158 23 114 24 143 25 115 26 107 27 113 28 146 29 149 30 120 31 145 32 100 
14 31 1 158 2 149 3 156 4 143 5 119 6 102 7 154 8 115 9 114 10 158 11 112 12 100 13 119 15 154 16 152 17 143 18 109 19 159 20 160 21 107 22 103 23 148 24 144 25 145 26 104 27 102 28 151 29 100 30 111 31 119 32 151 
15 31 1 106 2 106 3 153 4 140 5 113 6 114 7 109 8 116 9 110 10 151 11 118 12 152 13 156 14 107 16 112 17 144 18 100 19 112 20 157 21 155 22 142 23 118 24 155 25 153 26 104 27 117 28 116 29 145 30 158 31 141 32 108 
16 31 1 152 2 100 3 103 4 115 5 154 6 107 7 115 8 142 9 155 10 116 11 142 12 108 13 103 14 156 15 145 17 118 18 147 19 144 20 146 21 115 22 140 23 154 24 143 25 103 26 115 27 114 28 141 29 104 30 115 31 156 32 150 
17 31 1 120 2 145 3 151 4 109 5 143 6 152 7 159 8 106 9 105 10 158 11 116 12 140 13 159 14 115 15 114 16 105 18 155 19 110 20 108 21 146 22 156 23 150 24 105 25 112 26 106 27 142 28 114 29 156 30 147 31 156 32 103 
18 31 1 111 2 141 3 150 4 100 5 104 6 156 7 150 8 104 9 102 10 113 11 115 12 120 13 104 14 119 15 157 16 160 17 140 19 120 20 150 21 142 22 103 23 105 24 149 25 111 26 107 27 105 28 110 29 157 30 159 31 116 32 100 
19 31 1 105 2 105 3 109 4 115 5 155 6 118 7 112 8 101 9 110 10 112 11 157 12 120 13 119 14 120 15 106 16 157 17 155 18 102 20 104 21 103 22 118 23 146 24 148 25 153 26 111 27 152 28 154 29 143 30 151 31 118 32 103 
20 31 1 151 2 151 3 159 4 158 5 113 6 143 7 160 8 146 9 148 10 119 11 116 12 153 13 108 14 119 15 104 16 112 17 152 18 103 19 143 21 159 22 143 23 140 24 104 25 153 26 105 27 150 28 149 29 158 30 158 31 115 32 113 
21 31 1 112 2 101 3 106 4 101 5 111 6 142 7 110 8 120 9 110 10 112 11 104 12 151 13 143 14 118 15 152 16 159 17 104 18 103 19 111 20 103 22 105 23 143 24 116 25 142 26 153 27 110 28 150 29 150 30 114 31 160 32 142 
22 31 1 154 2 143 3 145 4 106 5 113 6 110 7 100 8 100 9 158 10 149 11 156 12 109 13 104 14 113 15 120 16 156 17 154 18 102 19 101 20 103 21 143 23 159 24 109 25 111 26 109 27 145 28 149 29 142 30 111 31 120 32 143 
23 31 1 148 2 117 3 109 4 116 5 143 6 141 7 145 8 117 9 120 10 112 11 116 12 160 13 151 14 151 15 113 16 100 17 109 18 103 19 157 20 101 21 152 22 107 24 113 25 155 26 157 27 153 28 150 29 108 30 140 31 102 32 108 
24 31 1 148 2 105 3 113 4 147 5 110 6 120 7 108 8 117 9 152 10 142 11 105 12 151 13 153 14 143 15 114 16 149 17 106 18 150 19 105 20 155 21 105 22 143 23 115 25 145 26 153 27 115 28 119 29 100 30 100 31 158 32 107 
25 31 1 150 2 115 3 104 4 155 5 156 6 112 7 114 8 107 9 109 10 108 11 148 12 105 13 100 14 142 15 142 16 102 17 115 18 120 19 151 20 112 21 157 22 109 23 103 24 111 26 109 27 101 28 114 29 116 30 118 31 145 32 113 
26 31 1 110 2 158 3 143 4 116 5 149 6 101 7 104 8 154 9 145 10 143 11 160 12 113 13 141 14 104 15 144 16 100 17 148 18 117 19 155 20 109 21 147 22 103 23 143 24 155 25 112 27 160 28 101 29 152 30 148 31 119 32 112 
27 31 1 144 2 120 3 148 4 115 5 151 6 157 7 100 8 115 9 147 10 146 11 142 12 107 13 157 14 105 15 160 16 106 17 108 18 110 19 141 20 143 21 151 22 147 23 101 24 107 25 153 26 114 28 142 29 112 30 149 31 117 32 148 
28 31 1 103 2 142 3 114 4 108 5 150 6 151 7 113 8 100 9 150 10 108 11 113 12 149 13 153 14 142 15 115 16 116 17 157 18 143 19 108 20 150 21 159 22 108 23 154 24 143 25 148 26 114 27 149 29 112 30 153 31 150 32 106 
29 31 1 142 2 157 3 117 4 116 5 113 6 141 7 101 8 102 9 146 10 144 11 148 12 159 13 104 14 109 15 114 16 101 17 149 18 104 19 105 20 144 21 140 22 116 23 150 24 141 25 104 26 117 27 119 28 113 30 110 31 150 32 141 
30 31 1 146 2 107 3 140 4 102 5 102 6 150 7 157 8 150 9 155 10 149 11 146 12 150 13 160 14 112 15 146 16 102 17 104 18 100 19 144 20 111 21 140 22 100 23 117 24 104 25 149 26 158 27 160 28 104 29 156 31 109 32 118 
31 31 1 149 2 153 3 147 4 100 5 143 6 143 7 156 8 117 9 149 10 117 11 100 12 101 13 114 14 120 15 154 16 158 17 105 18 154 19 142 20 145 21 151 22 153 23 101 24 153 25 149 26 147 27 109 28 108 29 145 30 112 32 158 
32 31 1 152 2 153 3 142 4 147 5 151 6 108 7 157 8 144 9 147 10 107 11 101 12 141 13 105 14 146 15 160 16 105 17 104 18 140 19 149 20 108 21 154 22 151 23 155 24 146 25 141 26 108 27 157 28 141 29 149 30 158 31 106 
