16
1 15 2 232 3 227 4 228 5 235 6 231 7 232 8 222 9 234 10 228 11 239 12 220 13 235 14 229 15 236 16 233 
2 15 1 200 3 197 4 190 5 183 6 182 7 189 8 191 9 189 10 181 11 189 12 198 13 198 14 180 15 191 16 187 
3 15 1 195 2 180 4 194 5 180 6 195 7 182 8 192 9 196 10 194 11 198 12 192 13 195 14 193 15 199 16 190 
4 15 1 185 2 198 3 185 5 195 6 199 7 187 8 181 9 188 10 196 11 183 12 197 13 191 14 180 15 195 16 200 
5 15 1 187 2 190 3 200 4 199 6 188 7 194 8 199 9 180 10 187 11 193 12 198 13 199 14 185 15 188 16 197 
6 15 1 193 2 193 3 193 4 198 5 185 7 191 8 184 9 187 10 199 11 198 12 188 13 194 14 186 15 188 16 188 
7 15 1 185 2 193 3 196 4 184 5 189 6 184 8 197 9 185 10 182 11 183 12 198 13 200 14 180 15 180 16 186 
8 15 1 195 2 194 3 199 4 187 5 191 6 182 7 197 9 194 10 187 11 195 12 191 13 195 14 188 15 196 16 182 
9 15 1 195 2 180 3 193 4 190 5 185 6 181 7 194 8 200 10 184 11 194 12 182 13 182 14 192 15 180 16 180 
10 15 1 198 2 196 3 194 4 194 5 180 6 183 7 196 8 197 9 197 11 182 12 190 13 185 14 197 15 196 16 180 
11 15 1 197 2 190 3 200 4 189 5 180 6 182 7 188 8 192 9 181 10 193 12 186 13 181 14 193 15 198 16 182 
12 15 1 191 2 193 3 196 4 185 5 186 6 196 7 186 8 182 9 191 10 182 11 182 13 180 14 185 15 200 16 196 
13 15 1 184 2 194 3 184 4 183 5 181 6 184 7 183 8 187 9 194 10 184 11 198 12 198 14 185 15 188 16 193 
14 15 1 187 2 200 3 185 4 180 5 184 6 190 7 197 8 190 9 192 10 185 11 190 12 192 13 185 15 193 16 189 
15 15 1 199 2 197 3 183 4 182 5 198 6 184 7 184 8 180 9 189 10 197 11 182 12 187 13 194 14 188 16 195 
16 15 1 185 2 193 3 194 4 188 5 194 6 196 7 198 8 188 9 185 10 187 11 193 12 193 13 200 14 196 15 186 
