32
1 31 2 236 3 225 4 238 5 236 6 224 7 224 8 232 9 240 10 235 11 223 12 237 13 239 14 220 15 228 16 237 17 234 18 239 19 225 20 240 21 231 22 227 23 236 24 231 25 235 26 236 27 235 28 223 29 225 30 224 31 227 32 226 
2 31 1 200 3 190 4 184 5 193 6 195 7 186 8 185 9 192 10 199 11 186 12 186 13 197 14 186 15 194 16 193 17 200 18 191 19 197 20 199 21 181 22 183 23 192 24 193 25 196 26 186 27 187 28 199 29 191 30 191 31 186 32 196 
3 31 1 189 2 194 4 200 5 181 6 186 7 183 8 184 9 198 10 182 11 190 12 183 13 197 14 197 15 198 16 190 17 196 18 186 19 186 20 193 21 187 22 187 23 182 24 200 25 183 26 186 27 185 28 181 29 198 30 194 31 185 32 193 
4 31 1 182 2 200 3 190 5 182 6 185 7 191 8 186 9 183 10 191 11 197 12 186 13 188 14 191 15 181 16 196 17 186 18 187 19 181 20 197 21 195 22 188 23 198 24 192 25 189 26 183 27 195 28 191 29 199 30 189 31 194 32 191 
5 31 1 189 2 193 3 199 4 189 6 197 7 188 8 194 9 200 10 199 11 190 12 183 13 184 14 199 15 183 16 200 17 182 18 190 19 180 20 200 21 182 22 187 23 195 24 193 25 196 26 198 27 187 28 184 29 197 30 194 31 199 32 185 
6 31 1 181 2 189 3 182 4 188 5 185 7 190 8 181 9 182 10 186 11 189 12 184 13 191 14 187 15 187 16 190 17 190 18 197 19 189 20 187 21 198 22 194 23 181 24 190 25 187 26 199 27 195 28 192 29 193 30 187 31 188 32 199 
7 31 1 188 2 197 3 199 4 196 5 180 6 188 8 196 9 182 10 192 11 184 12 186 13 182 14 192 15 193 16 191 17 181 18 188 19 200 20 188 21 185 22 191 23 187 24 193 25 198 26 185 27 187 28 187 29 197 30 194 31 195 32 193 
8 31 1 200 2 190 3 191 4 194 5 190 6 197 7 189 9 190 10 188 11 191 12 197 13 191 14 182 15 187 16 200 17 181 18 193 19 197 20 187 21 196 22 187 23 194 24 188 25 184 26 198 27 194 28 192 29 194 30 185 31 184 32 186 
9 31 1 183 2 194 3 197 4 197 5 183 6 193 7 183 8 192 10 199 11 194 12 188 13 187 14 195 15 193 16 186 17 196 18 184 19 182 20 183 21 200 22 187 23 195 24 186 25 190 26 192 27 198 28 200 29 185 30 180 31 183 32 189 
10 31 1 183 2 196 3 185 4 198 5 197 6 196 7 180 8 188 9 193 11 193 12 194 13 200 14 187 15 187 16 186 17 180 18 191 19 186 20 181 21 188 22 192 23 197 24 194 25 181 26 186 27 189 28 180 29 190 30 190 31 181 32 199 
11 31 1 193 2 197 3 182 4 189 5 194 6 196 7 187 8 181 9 188 10 200 12 196 13 188 14 184 15 180 16 192 17 185 18 189 19 196 20 186 21 195 22 187 23 182 24 187 25 186 26 189 27 196 28 184 29 197 30 185 31 186 32 195 
12 31 1 197 2 180 3 197 4 185 5 192 6 191 7 190 8 194 9 199 10 190 11 187 13 184 14 192 15 185 16 196 17 197 18 192 19 190 20 183 21 186 22 197 23 183 24 193 25 181 26 190 27 189 28 185 29 186 30 192 31 189 32 200 
13 31 1 188 2 190 3 194 4 191 5 181 6 184 7 200 8 193 9 183 10 187 11 198 12 185 14 199 15 182 16 200 17 196 18 194 19 189 20 197 21 199 22 183 23 198 24 191 25 184 26 188 27 198 28 190 29 192 30 190 31 199 32 191 
14 31 1 196 2 186 3 185 4 185 5 188 6 189 7 184 8 199 9 190 10 191 11 197 12 194 13 189 15 199 16 193 17 182 18 191 19 181 20 199 21 189 22 184 23 195 24 198 25 187 26 182 27 196 28 195 29 194 30 185 31 191 32 183 
15 31 1 180 2 198 3 188 4 185 5 183 6 195 7 187 8 181 9 183 10 198 11 196 12 197 13 185 14 193 16 187 17 187 18 183 19 188 20 184 21 190 22 190 23 199 24 187 25 195 26 199 27 182 28 189 29 190 30 185 31 180 32 191 
16 31 1 186 2 198 3 199 4 189 5 199 6 192 7 195 8 198 9 193 10 192 11 194 12 187 13 195 14 186 15 194 17 180 18 187 19 200 20 184 21 197 22 189 23 180 24 181 25 184 26 197 27 184 28 191 29 184 30 189 31 191 32 196 
17 31 1 193 2 186 3 192 4 180 5 184 6 183 7 195 8 180 9 194 10 184 11 194 12 180 13 200 14 200 15 192 16 200 18 186 19 191 20 181 21 180 22 180 23 200 24 181 25 182 26 194 27 183 28 193 29 198 30 191 31 182 32 193 
18 31 1 181 2 186 3 185 4 181 5 189 6 186 7 194 8 189 9 180 10 197 11 182 12 199 13 196 14 200 15 191 16 193 17 183 19 200 20 192 21 183 22 200 23 189 24 182 25 200 26 182 27 186 28 191 29 200 30 197 31 191 32 191 
19 31 1 196 2 197 3 196 4 196 5 185 6 200 7 189 8 192 9 198 10 185 11 192 12 197 13 199 14 191 15 185 16 189 17 194 18 184 20 180 21 195 22 182 23 189 24 198 25 200 26 189 27 181 28 188 29 189 30 196 31 199 32 200 
20 31 1 191 2 194 3 193 4 186 5 197 6 192 7 194 8 189 9 190 10 197 11 180 12 184 13 194 14 192 15 187 16 182 17 183 18 189 19 181 21 197 22 191 23 188 24 194 25 189 26 198 27 193 28 197 29 184 30 188 31 196 32 181 
21 31 1 197 2 189 3 194 4 183 5 185 6 183 7 195 8 192 9 191 10 191 11 193 12 193 13 182 14 182 15 198 16 185 17 183 18 187 19 184 20 200 22 196 23 192 24 193 25 184 26 189 27 185 28 181 29 191 30 191 31 195 32 192 
22 31 1 188 2 181 3 183 4 189 5 184 6 185 7 183 8 197 9 196 10 192 11 187 12 187 13 195 14 189 15 184 16 198 17 192 18 189 19 181 20 190 21 185 23 193 24 182 25 187 26 180 27 186 28 186 29 191 30 195 31 180 32 183 
23 31 1 182 2 200 3 186 4 189 5 184 6 191 7 190 8 199 9 185 10 182 11 183 12 190 13 195 14 190 15 192 16 192 17 181 18 181 19 193 20 189 21 184 22 183 24 192 25 191 26 183 27 196 28 198 29 195 30 188 31 196 32 198 
24 31 1 189 2 196 3 181 4 198 5 198 6 191 7 188 8 194 9 194 10 188 11 197 12 181 13 182 14 186 15 193 16 194 17 185 18 192 19 184 20 195 21 196 22 187 23 184 25 187 26 191 27 198 28 184 29 183 30 185 31 200 32 199 
25 31 1 194 2 193 3 200 4 190 5 190 6 188 7 198 8 181 9 200 10 185 11 198 12 180 13 185 14 183 15 194 16 199 17 189 18 185 19 180 20 181 21 181 22 187 23 185 24 186 26 198 27 182 28 188 29 180 30 187 31 185 32 197 
26 31 1 200 2 199 3 197 4 189 5 186 6 182 7 186 8 188 9 182 10 189 11 185 12 182 13 194 14 187 15 194 16 190 17 194 18 200 19 190 20 195 21 199 22 195 23 200 24 182 25 191 27 200 28 190 29 189 30 184 31 195 32 186 
27 31 1 183 2 191 3 182 4 192 5 198 6 182 7 196 8 183 9 184 10 182 11 188 12 187 13 194 14 193 15 199 16 183 17 186 18 198 19 191 20 180 21 194 22 186 23 198 24 196 25 197 26 197 28 185 29 183 30 181 31 199 32 189 
28 31 1 184 2 189 3 189 4 195 5 186 6 192 7 188 8 189 9 196 10 191 11 196 12 180 13 184 14 188 15 200 16 186 17 193 18 195 19 197 20 193 21 187 22 180 23 189 24 182 25 195 26 185 27 186 29 199 30 184 31 184 32 187 
29 31 1 187 2 193 3 197 4 181 5 198 6 188 7 189 8 184 9 181 10 198 11 198 12 180 13 182 14 184 15 198 16 188 17 197 18 192 19 182 20 187 21 199 22 181 23 196 24 200 25 196 26 200 27 185 28 192 30 183 31 187 32 200 
30 31 1 190 2 198 3 194 4 189 5 195 6 200 7 197 8 198 9 180 10 194 11 195 12 199 13 194 14 197 15 196 16 200 17 193 18 188 19 182 20 180 21 184 22 181 23 194 24 183 25 197 26 193 27 186 28 187 29 195 31 193 32 184 
31 31 1 182 2 191 3 198 4 190 5 183 6 197 7 186 8 180 9 195 10 198 11 194 12 192 13 192 14 190 15 187 16 191 17 183 18 195 19 191 20 181 21 198 22 192 23 195 24 180 25 187 26 186 27 185 28 194 29 180 30 198 32 198 
32 31 1 182 2 188 3 193 4 192 5 192 6 187 7 196 8 190 9 200 10 194 11 183 12 191 13 183 14 192 15 199 16 192 17 195 18 191 19 181 20 194 21 188 22 193 23 186 24 187 25 198 26 192 27 192 28 191 29 192 30 187 31 186 
