16
1 15 2 120 3 109 4 119 5 116 6 103 7 106 8 101 9 109 10 101 11 113 12 120 13 105 14 115 15 106 16 100 
2 15 1 117 3 109 4 101 5 120 6 104 7 117 8 110 9 101 10 114 11 107 12 112 13 118 14 104 15 106 16 113 
3 15 1 111 2 104 4 101 5 109 6 118 7 103 8 116 9 120 10 112 11 115 12 112 13 112 14 120 15 105 16 116 
4 15 1 119 2 101 3 102 5 120 6 119 7 104 8 116 9 108 10 105 11 107 12 116 13 116 14 102 15 118 16 120 
5 15 1 116 2 108 3 103 4 117 6 116 7 101 8 118 9 111 10 119 11 110 12 105 13 108 14 120 15 102 16 113 
6 15 1 113 2 100 3 115 4 113 5 118 7 113 8 118 9 111 10 120 11 100 12 118 13 113 14 116 15 119 16 110 
7 15 1 116 2 114 3 119 4 119 5 108 6 112 8 118 9 106 10 100 11 116 12 114 13 103 14 104 15 111 16 105 
8 15 1 115 2 101 3 104 4 109 5 114 6 101 7 100 9 111 10 111 11 120 12 112 13 106 14 112 15 105 16 104 
9 15 1 101 2 100 3 118 4 118 5 118 6 106 7 109 8 115 10 110 11 109 12 109 13 101 14 112 15 111 16 112 
10 15 1 116 2 105 3 111 4 120 5 115 6 104 7 119 8 115 9 114 11 109 12 114 13 103 14 116 15 103 16 108 
11 15 1 120 2 104 3 109 4 116 5 100 6 104 7 120 8 109 9 119 10 109 12 117 13 105 14 110 15 106 16 116 
12 15 1 120 2 101 3 101 4 110 5 100 6 114 7 112 8 118 9 106 10 105 11 106 13 120 14 108 15 120 16 100 
13 15 1 115 2 120 3 104 4 103 5 115 6 102 7 105 8 114 9 110 10 101 11 100 12 106 14 107 15 108 16 112 
14 15 1 102 2 105 3 114 4 101 5 113 6 112 7 115 8 104 9 109 10 100 11 110 12 114 13 118 15 116 16 113 
15 15 1 118 2 110 3 112 4 100 5 111 6 104 7 102 8 116 9 116 10 110 11 116 12 114 13 116 14 102 16 120 
16 15 1 106 2 104 3 104 4 118 5 104 6 117 7 109 8 119 9 120 10 117 11 120 12 107 13 110 14 117 15 102 
