32
1 31 2 100 3 113 4 111 5 111 6 113 7 120 8 115 9 113 10 114 11 109 12 103 13 109 14 102 15 117 16 111 17 100 18 102 19 113 20 104 21 118 22 117 23 120 24 105 25 116 26 119 27 101 28 113 29 105 30 109 31 107 32 105 
2 31 1 109 3 118 4 114 5 120 6 108 7 114 8 113 9 101 10 107 11 101 12 102 13 116 14 101 15 117 16 104 17 120 18 118 19 117 20 104 21 115 22 112 23 101 24 120 25 105 26 118 27 119 28 118 29 102 30 105 31 102 32 105 
3 31 1 115 2 100 4 120 5 112 6 108 7 113 8 104 9 107 10 118 11 103 12 107 13 113 14 103 15 104 16 117 17 102 18 101 19 111 20 104 21 116 22 100 23 105 24 114 25 105 26 102 27 110 28 100 29 102 30 116 31 101 32 108 
4 31 1 110 2 101 3 105 5 101 6 107 7 116 8 104 9 115 10 113 11 105 12 101 13 105 14 108 15 105 16 120 17 109 18 104 19 108 20 113 21 119 22 109 23 117 24 112 25 112 26 117 27 101 28 111 29 120 30 117 31 112 32 105 
5 31 1 104 2 113 3 108 4 104 6 120 7 103 8 106 9 112 10 116 11 111 12 114 13 100 14 118 15 117 16 118 17 106 18 101 19 103 20 117 21 118 22 110 23 113 24 109 25 102 26 110 27 108 28 113 29 107 30 103 31 104 32 112 
6 31 1 105 2 115 3 120 4 109 5 114 7 102 8 113 9 104 10 116 11 104 12 118 13 116 14 120 15 112 16 111 17 105 18 111 19 114 20 120 21 108 22 104 23 113 24 115 25 104 26 100 27 101 28 115 29 107 30 104 31 119 32 117 
7 31 1 109 2 113 3 114 4 117 5 104 6 116 8 109 9 108 10 111 11 111 12 103 13 104 14 110 15 114 16 113 17 113 18 102 19 104 20 113 21 111 22 106 23 103 24 103 25 110 26 103 27 104 28 104 29 108 30 108 31 100 32 104 
8 31 1 116 2 111 3 118 4 110 5 114 6 111 7 117 9 120 10 120 11 108 12 101 13 101 14 116 15 115 16 112 17 107 18 117 19 116 20 118 21 105 22 102 23 119 24 109 25 110 26 101 27 113 28 113 29 107 30 120 31 113 32 111 
9 31 1 115 2 102 3 106 4 104 5 116 6 115 7 119 8 115 10 114 11 106 12 114 13 113 14 100 15 108 16 104 17 105 18 103 19 118 20 100 21 106 22 120 23 119 24 115 25 108 26 120 27 106 28 100 29 106 30 105 31 111 32 115 
10 31 1 118 2 113 3 119 4 120 5 106 6 113 7 118 8 120 9 104 11 102 12 113 13 117 14 102 15 101 16 119 17 105 18 102 19 116 20 105 21 108 22 114 23 103 24 101 25 101 26 100 27 107 28 101 29 104 30 112 31 112 32 117 
11 31 1 109 2 103 3 115 4 108 5 109 6 107 7 105 8 108 9 109 10 105 12 101 13 103 14 105 15 100 16 101 17 110 18 102 19 115 20 113 21 108 22 108 23 116 24 109 25 107 26 114 27 116 28 108 29 118 30 105 31 119 32 114 
12 31 1 112 2 101 3 106 4 118 5 108 6 111 7 103 8 117 9 120 10 106 11 116 13 100 14 112 15 116 16 101 17 101 18 116 19 115 20 115 21 103 22 100 23 108 24 111 25 108 26 102 27 106 28 116 29 118 30 110 31 112 32 112 
13 31 1 101 2 113 3 116 4 120 5 101 6 107 7 100 8 116 9 104 10 106 11 111 12 105 14 118 15 104 16 104 17 118 18 120 19 119 20 112 21 100 22 120 23 118 24 111 25 107 26 120 27 116 28 100 29 118 30 105 31 113 32 107 
14 31 1 106 2 103 3 102 4 103 5 102 6 107 7 103 8 116 9 112 10 108 11 106 12 117 13 105 15 110 16 100 17 102 18 107 19 120 20 112 21 108 22 117 23 110 24 119 25 101 26 107 27 114 28 101 29 104 30 117 31 112 32 109 
15 31 1 101 2 116 3 110 4 104 5 116 6 117 7 106 8 112 9 108 10 114 11 116 12 104 13 119 14 104 16 103 17 120 18 111 19 100 20 109 21 119 22 117 23 119 24 116 25 118 26 104 27 107 28 117 29 106 30 104 31 109 32 116 
16 31 1 105 2 102 3 105 4 107 5 116 6 120 7 113 8 107 9 106 10 106 11 101 12 108 13 103 14 105 15 111 17 100 18 116 19 111 20 109 21 113 22 105 23 106 24 108 25 102 26 110 27 113 28 118 29 116 30 117 31 104 32 109 
17 31 1 120 2 104 3 112 4 105 5 120 6 112 7 118 8 105 9 118 10 102 11 106 12 103 13 103 14 111 15 115 16 101 18 106 19 105 20 108 21 117 22 109 23 114 24 104 25 109 26 101 27 118 28 106 29 116 30 112 31 110 32 104 
18 31 1 110 2 114 3 115 4 115 5 112 6 106 7 110 8 117 9 101 10 110 11 100 12 104 13 111 14 111 15 117 16 112 17 115 19 100 20 119 21 112 22 109 23 110 24 114 25 118 26 112 27 109 28 102 29 105 30 120 31 112 32 109 
19 31 1 109 2 104 3 103 4 101 5 114 6 107 7 109 8 110 9 106 10 118 11 108 12 109 13 106 14 119 15 103 16 117 17 111 18 103 20 115 21 100 22 110 23 104 24 115 25 108 26 114 27 101 28 110 29 119 30 100 31 120 32 106 
20 31 1 107 2 101 3 107 4 108 5 115 6 113 7 116 8 102 9 119 10 111 11 110 12 105 13 117 14 106 15 107 16 113 17 118 18 110 19 107 21 118 22 100 23 112 24 110 25 106 26 103 27 112 28 114 29 102 30 112 31 111 32 108 
21 31 1 120 2 113 3 115 4 105 5 105 6 107 7 119 8 108 9 104 10 109 11 116 12 107 13 106 14 102 15 114 16 117 17 118 18 102 19 104 20 113 22 100 23 114 24 103 25 106 26 117 27 113 28 118 29 117 30 104 31 108 32 104 
22 31 1 101 2 119 3 120 4 105 5 104 6 104 7 103 8 112 9 108 10 111 11 105 12 114 13 115 14 107 15 107 16 111 17 104 18 109 19 113 20 118 21 109 23 106 24 119 25 113 26 101 27 111 28 110 29 118 30 113 31 117 32 102 
23 31 1 115 2 115 3 120 4 118 5 119 6 101 7 119 8 108 9 108 10 109 11 114 12 101 13 103 14 119 15 106 16 113 17 101 18 116 19 105 20 117 21 102 22 110 24 115 25 114 26 111 27 103 28 103 29 108 30 116 31 118 32 108 
24 31 1 108 2 113 3 105 4 105 5 109 6 105 7 104 8 116 9 113 10 111 11 109 12 112 13 113 14 105 15 118 16 105 17 106 18 111 19 110 20 102 21 112 22 120 23 115 25 105 26 108 27 118 28 106 29 115 30 112 31 104 32 102 
25 31 1 120 2 117 3 106 4 103 5 103 6 111 7 105 8 119 9 101 10 114 11 105 12 113 13 106 14 111 15 110 16 111 17 115 18 120 19 120 20 118 21 111 22 117 23 110 24 116 26 103 27 106 28 101 29 118 30 118 31 105 32 118 
26 31 1 115 2 120 3 101 4 116 5 103 6 112 7 100 8 120 9 113 10 113 11 105 12 103 13 119 14 116 15 114 16 108 17 110 18 113 19 105 20 105 21 103 22 120 23 116 24 117 25 102 27 101 28 118 29 120 30 117 31 103 32 116 
27 31 1 111 2 100 3 117 4 105 5 103 6 107 7 103 8 103 9 118 10 116 11 106 12 101 13 115 14 101 15 113 16 100 17 109 18 103 19 105 20 113 21 104 22 104 23 106 24 100 25 107 26 105 28 118 29 104 30 101 31 119 32 120 
28 31 1 110 2 120 3 117 4 115 5 100 6 103 7 117 8 101 9 100 10 112 11 107 12 120 13 106 14 108 15 112 16 106 17 116 18 115 19 109 20 106 21 119 22 114 23 112 24 119 25 119 26 117 27 115 29 102 30 116 31 113 32 100 
29 31 1 103 2 110 3 117 4 117 5 111 6 118 7 113 8 112 9 116 10 104 11 120 12 116 13 109 14 105 15 107 16 113 17 119 18 100 19 102 20 104 21 119 22 114 23 116 24 116 25 112 26 110 27 110 28 114 30 103 31 100 32 114 
30 31 1 105 2 111 3 108 4 101 5 101 6 103 7 112 8 111 9 120 10 114 11 110 12 113 13 102 14 114 15 118 16 114 17 112 18 118 19 116 20 117 21 115 22 107 23 110 24 108 25 119 26 119 27 118 28 110 29 120 31 116 32 102 
31 31 1 104 2 106 3 110 4 103 5 105 6 112 7 113 8 115 9 109 10 107 11 104 12 101 13 107 14 116 15 117 16 100 17 108 18 113 19 114 20 102 21 105 22 100 23 110 24 113 25 117 26 108 27 108 28 107 29 106 30 103 32 109 
32 31 1 108 2 108 3 117 4 112 5 111 6 106 7 102 8 105 9 115 10 109 11 108 12 114 13 117 14 103 15 109 16 115 17 109 18 101 19 109 20 111 21 106 22 107 23 101 24 119 25 104 26 107 27 106 28 109 29 113 30 107 31 118 
