16
1 15 2 68 3 180 4 114 5 78 6 102 7 72 8 186 9 39 10 37 11 68 12 109 13 160 14 63 15 110 16 147 
2 15 1 186 3 109 4 198 5 155 6 144 7 159 8 65 9 68 10 100 11 75 12 180 13 100 14 198 15 63 16 21 
3 15 1 116 2 40 4 30 5 60 6 110 7 20 8 36 9 69 10 27 11 147 12 154 13 141 14 186 15 195 16 21 
4 15 1 154 2 80 3 78 5 31 6 111 7 20 8 65 9 154 10 140 11 20 12 159 13 152 14 145 15 37 16 180 
5 15 1 111 2 111 3 26 4 115 6 185 7 73 8 34 9 120 10 149 11 26 12 62 13 100 14 181 15 27 16 102 
6 15 1 192 2 100 3 120 4 151 5 180 7 119 8 160 9 67 10 38 11 155 12 61 13 185 14 109 15 184 16 100 
7 15 1 21 2 196 3 74 4 27 5 147 6 157 8 195 9 34 10 31 11 75 12 112 13 40 14 74 15 199 16 104 
8 15 1 100 2 28 3 27 4 109 5 143 6 36 7 119 9 150 10 109 11 159 12 23 13 76 14 22 15 29 16 24 
9 15 1 118 2 76 3 157 4 144 5 111 6 39 7 142 8 34 10 185 11 150 12 143 13 192 14 72 15 105 16 31 
10 15 1 31 2 187 3 151 4 105 5 106 6 160 7 21 8 40 9 72 11 195 12 185 13 191 14 193 15 69 16 159 
11 15 1 140 2 106 3 193 4 69 5 69 6 33 7 200 8 106 9 144 10 20 12 115 13 113 14 20 15 183 16 120 
12 15 1 67 2 28 3 105 4 146 5 37 6 190 7 80 8 120 9 184 10 180 11 20 13 106 14 119 15 157 16 154 
13 15 1 61 2 111 3 110 4 28 5 191 6 188 7 113 8 185 9 110 10 114 11 70 12 101 14 105 15 62 16 119 
14 15 1 31 2 153 3 187 4 119 5 36 6 80 7 105 8 69 9 182 10 116 11 185 12 28 13 60 15 103 16 29 
15 15 1 76 2 118 3 102 4 191 5 120 6 25 7 68 8 67 9 78 10 71 11 184 12 36 13 79 14 182 16 76 
16 15 1 200 2 191 3 77 4 200 5 29 6 110 7 192 8 21 9 71 10 27 11 148 12 194 13 78 14 77 15 31 
