32
1 31 2 189 3 100 4 144 5 29 6 20 7 77 8 190 9 63 10 26 11 146 12 72 13 198 14 115 15 35 16 33 17 140 18 193 19 160 20 33 21 36 22 63 23 117 24 78 25 182 26 111 27 70 28 20 29 144 30 21 31 63 32 180 
2 31 1 154 3 160 4 65 5 197 6 80 7 69 8 33 9 115 10 106 11 142 12 103 13 62 14 156 15 182 16 73 17 140 18 194 19 33 20 29 21 36 22 149 23 100 24 30 25 194 26 116 27 110 28 155 29 24 30 111 31 28 32 27 
3 31 1 186 2 62 4 197 5 106 6 196 7 76 8 74 9 189 10 117 11 101 12 21 13 117 14 66 15 108 16 188 17 37 18 153 19 109 20 188 21 119 22 68 23 77 24 193 25 109 26 30 27 154 28 186 29 33 30 115 31 100 32 194 
4 31 1 32 2 155 3 193 5 115 6 183 7 140 8 22 9 103 10 80 11 80 12 100 13 102 14 74 15 192 16 77 17 28 18 71 19 145 20 183 21 152 22 39 23 22 24 180 25 188 26 155 27 113 28 69 29 106 30 149 31 32 32 21 
5 31 1 30 2 180 3 113 4 73 6 145 7 150 8 69 9 190 10 108 11 23 12 38 13 114 14 71 15 37 16 104 17 62 18 148 19 68 20 61 21 160 22 27 23 190 24 156 25 152 26 20 27 142 28 24 29 39 30 34 31 196 32 151 
6 31 1 27 2 36 3 75 4 32 5 199 7 141 8 194 9 62 10 39 11 38 12 200 13 192 14 155 15 109 16 120 17 103 18 77 19 140 20 33 21 63 22 29 23 114 24 198 25 65 26 119 27 73 28 182 29 32 30 149 31 182 32 79 
7 31 1 195 2 61 3 182 4 105 5 140 6 183 8 197 9 149 10 34 11 142 12 141 13 111 14 195 15 110 16 186 17 118 18 160 19 34 20 28 21 140 22 70 23 100 24 22 25 186 26 115 27 100 28 188 29 67 30 147 31 195 32 101 
8 31 1 31 2 108 3 118 4 60 5 181 6 118 7 193 9 189 10 34 11 22 12 36 13 20 14 108 15 116 16 38 17 152 18 196 19 191 20 33 21 147 22 100 23 35 24 62 25 70 26 181 27 145 28 79 29 115 30 111 31 107 32 148 
9 31 1 115 2 117 3 73 4 156 5 200 6 60 7 144 8 74 10 72 11 142 12 67 13 79 14 64 15 152 16 153 17 30 18 198 19 112 20 191 21 146 22 157 23 22 24 23 25 111 26 66 27 190 28 69 29 113 30 33 31 22 32 100 
10 31 1 114 2 72 3 25 4 68 5 71 6 73 7 20 8 145 9 27 11 40 12 142 13 61 14 36 15 76 16 140 17 185 18 69 19 33 20 197 21 141 22 20 23 40 24 24 25 190 26 114 27 106 28 112 29 147 30 20 31 22 32 194 
11 31 1 110 2 61 3 155 4 39 5 141 6 104 7 119 8 101 9 37 10 32 12 107 13 69 14 190 15 73 16 65 17 197 18 107 19 193 20 151 21 34 22 109 23 29 24 65 25 152 26 23 27 100 28 104 29 60 30 74 31 63 32 119 
12 31 1 191 2 195 3 67 4 192 5 194 6 36 7 146 8 151 9 78 10 197 11 140 13 25 14 154 15 192 16 34 17 154 18 156 19 186 20 151 21 39 22 117 23 144 24 190 25 156 26 65 27 101 28 112 29 63 30 22 31 198 32 23 
13 31 1 159 2 117 3 115 4 21 5 189 6 142 7 197 8 23 9 116 10 102 11 29 12 61 14 116 15 24 16 80 17 20 18 62 19 140 20 20 21 68 22 116 23 78 24 20 25 63 26 145 27 72 28 36 29 103 30 117 31 158 32 152 
14 31 1 112 2 153 3 109 4 72 5 159 6 184 7 117 8 153 9 40 10 181 11 109 12 23 13 65 15 157 16 112 17 79 18 79 19 33 20 80 21 200 22 29 23 150 24 66 25 143 26 119 27 73 28 159 29 37 30 30 31 101 32 38 
15 31 1 142 2 186 3 159 4 38 5 61 6 119 7 108 8 114 9 26 10 31 11 196 12 111 13 28 14 141 16 21 17 105 18 152 19 114 20 37 21 25 22 34 23 69 24 184 25 28 26 189 27 106 28 105 29 112 30 35 31 120 32 111 
16 31 1 195 2 194 3 68 4 76 5 186 6 195 7 148 8 112 9 66 10 152 11 142 12 65 13 107 14 27 15 194 17 69 18 37 19 73 20 109 21 156 22 156 23 66 24 104 25 196 26 79 27 79 28 22 29 156 30 140 31 155 32 37 
17 31 1 79 2 102 3 195 4 156 5 183 6 199 7 112 8 66 9 149 10 113 11 23 12 66 13 65 14 36 15 39 16 79 18 183 19 181 20 189 21 26 22 27 23 180 24 182 25 103 26 26 27 74 28 192 29 22 30 144 31 192 32 70 
18 31 1 73 2 67 3 107 4 109 5 186 6 33 7 72 8 28 9 144 10 30 11 140 12 154 13 152 14 199 15 158 16 69 17 197 19 101 20 112 21 72 22 184 23 159 24 120 25 68 26 117 27 75 28 195 29 156 30 183 31 65 32 80 
19 31 1 66 2 70 3 114 4 77 5 193 6 30 7 31 8 116 9 188 10 112 11 147 12 69 13 28 14 154 15 191 16 107 17 102 18 102 20 74 21 61 22 34 23 196 24 158 25 103 26 62 27 103 28 160 29 27 30 142 31 159 32 149 
20 31 1 185 2 160 3 105 4 60 5 115 6 195 7 79 8 140 9 153 10 32 11 68 12 66 13 195 14 194 15 159 16 116 17 33 18 108 19 141 21 102 22 142 23 64 24 107 25 118 26 63 27 114 28 77 29 65 30 66 31 141 32 120 
21 31 1 25 2 187 3 66 4 119 5 141 6 102 7 197 8 148 9 65 10 78 11 199 12 37 13 60 14 20 15 184 16 114 17 66 18 158 19 186 20 40 22 193 23 149 24 67 25 38 26 183 27 68 28 66 29 63 30 64 31 65 32 40 
22 31 1 73 2 155 3 155 4 63 5 63 6 33 7 143 8 24 9 191 10 113 11 28 12 20 13 182 14 191 15 148 16 101 17 31 18 150 19 74 20 157 21 67 23 25 24 27 25 146 26 195 27 193 28 33 29 108 30 113 31 158 32 24 
23 31 1 60 2 72 3 36 4 21 5 160 6 119 7 74 8 152 9 80 10 196 11 185 12 143 13 180 14 147 15 195 16 76 17 141 18 61 19 150 20 26 21 66 22 150 24 188 25 117 26 63 27 197 28 38 29 197 30 74 31 155 32 72 
24 31 1 119 2 33 3 149 4 38 5 147 6 196 7 140 8 36 9 106 10 66 11 63 12 20 13 79 14 61 15 36 16 157 17 146 18 192 19 187 20 186 21 31 22 147 23 180 25 64 26 199 27 27 28 30 29 80 30 77 31 40 32 73 
25 31 1 63 2 143 3 30 4 182 5 100 6 154 7 40 8 189 9 79 10 30 11 144 12 30 13 185 14 61 15 36 16 119 17 70 18 112 19 29 20 31 21 24 22 196 23 157 24 143 26 69 27 140 28 28 29 193 30 195 31 156 32 185 
26 31 1 26 2 33 3 32 4 30 5 188 6 144 7 194 8 65 9 157 10 184 11 62 12 65 13 184 14 107 15 147 16 112 17 146 18 28 19 182 20 36 21 108 22 31 23 100 24 113 25 27 27 70 28 148 29 63 30 193 31 65 32 60 
27 31 1 30 2 198 3 120 4 152 5 146 6 153 7 78 8 113 9 26 10 105 11 185 12 28 13 199 14 155 15 77 16 159 17 80 18 181 19 152 20 110 21 69 22 34 23 193 24 152 25 180 26 154 28 144 29 152 30 120 31 145 32 39 
28 31 1 140 2 76 3 71 4 149 5 62 6 102 7 160 8 37 9 114 10 106 11 40 12 145 13 112 14 73 15 119 16 196 17 23 18 35 19 194 20 34 21 199 22 66 23 109 24 188 25 77 26 103 27 21 29 183 30 109 31 23 32 103 
29 31 1 142 2 186 3 180 4 200 5 70 6 26 7 73 8 158 9 153 10 29 11 27 12 183 13 117 14 184 15 198 16 77 17 72 18 194 19 76 20 63 21 66 22 140 23 20 24 195 25 27 26 67 27 112 28 60 30 180 31 186 32 188 
30 31 1 31 2 159 3 106 4 113 5 40 6 155 7 153 8 152 9 67 10 189 11 150 12 100 13 186 14 189 15 154 16 191 17 112 18 106 19 63 20 143 21 33 22 38 23 192 24 191 25 186 26 190 27 157 28 142 29 69 31 71 32 103 
31 31 1 143 2 70 3 29 4 104 5 191 6 110 7 199 8 37 9 198 10 184 11 157 12 113 13 80 14 25 15 20 16 71 17 101 18 68 19 31 20 142 21 105 22 67 23 31 24 68 25 104 26 191 27 191 28 36 29 101 30 119 32 67 
32 31 1 140 2 67 3 117 4 197 5 155 6 189 7 60 8 102 9 103 10 118 11 64 12 114 13 36 14 37 15 150 16 80 17 70 18 114 19 158 20 143 21 67 22 33 23 28 24 113 25 180 26 141 27 196 28 40 29 183 30 182 31 39 
