32
1 31 2 73 3 32 4 188 5 79 6 189 7 0.5 8 22 9 71 10 29 11 0.7 12 200 13 80 14 0.9 15 21 16 184 17 1 18 147 19 24 20 24 21 107 22 74 23 191 24 183 25 74 26 117 27 0.5 28 192 29 144 30 101 31 0.5 32 106 
2 31 1 160 3 60 4 27 5 103 6 35 7 40 8 151 9 185 10 0.5 11 0.7 12 193 13 26 14 118 15 62 16 73 17 149 18 159 19 194 20 0.6 21 38 22 112 23 186 24 77 25 186 26 29 27 116 28 151 29 197 30 147 31 1 32 102 
3 31 1 29 2 196 4 142 5 156 6 0.5 7 113 8 66 9 80 10 73 11 63 12 187 13 26 14 79 15 197 16 30 17 67 18 38 19 158 20 104 21 1 22 195 23 0.9 24 75 25 149 26 22 27 31 28 184 29 109 30 30 31 0.9 32 141 
4 31 1 155 2 110 3 0.7 5 120 6 22 7 117 8 153 9 156 10 73 11 71 12 145 13 180 14 159 15 0.5 16 25 17 146 18 191 19 0.8 20 108 21 0.5 22 60 23 150 24 195 25 112 26 21 27 109 28 0.5 29 77 30 115 31 150 32 66 
5 31 1 117 2 148 3 38 4 189 6 143 7 155 8 1 9 1 10 34 11 72 12 100 13 70 14 40 15 104 16 140 17 1 18 23 19 76 20 23 21 28 22 190 23 113 24 68 25 77 26 180 27 102 28 196 29 153 30 32 31 21 32 1 
6 31 1 23 2 32 3 107 4 62 5 78 7 155 8 0.7 9 155 10 102 11 22 12 191 13 194 14 70 15 160 16 157 17 193 18 149 19 117 20 195 21 0.8 22 67 23 39 24 141 25 0.8 26 0.9 27 26 28 39 29 159 30 64 31 36 32 180 
7 31 1 36 2 28 3 0.7 4 187 5 149 6 0.8 8 199 9 159 10 108 11 118 12 155 13 0.9 14 101 15 109 16 30 17 80 18 34 19 77 20 0.8 21 80 22 76 23 182 24 28 25 68 26 0.6 27 145 28 100 29 65 30 107 31 114 32 40 
8 31 1 63 2 79 3 145 4 199 5 80 6 146 7 141 9 117 10 187 11 194 12 187 13 0.8 14 31 15 103 16 68 17 116 18 34 19 26 20 76 21 20 22 113 23 192 24 140 25 1 26 21 27 197 28 0.6 29 1 30 33 31 40 32 103 
9 31 1 28 2 106 3 193 4 154 5 112 6 79 7 39 8 191 10 142 11 1 12 199 13 39 14 116 15 78 16 189 17 28 18 156 19 65 20 113 21 80 22 0.8 23 25 24 0.8 25 119 26 144 27 34 28 191 29 158 30 141 31 40 32 0.5 
10 31 1 103 2 0.8 3 117 4 0.7 5 113 6 150 7 145 8 109 9 77 11 0.5 12 0.8 13 0.8 14 146 15 0.6 16 28 17 72 18 107 19 157 20 62 21 193 22 27 23 30 24 102 25 192 26 30 27 145 28 103 29 112 30 0.7 31 192 32 0.9 
11 31 1 141 2 155 3 159 4 38 5 149 6 0.9 7 0.6 8 195 9 147 10 146 12 105 13 0.9 14 156 15 193 16 69 17 0.9 18 100 19 104 20 117 21 186 22 23 23 120 24 143 25 38 26 155 27 200 28 147 29 76 30 0.9 31 147 32 0.6 
12 31 1 25 2 77 3 187 4 108 5 194 6 146 7 0.9 8 183 9 196 10 79 11 196 13 106 14 26 15 196 16 112 17 0.8 18 155 19 0.6 20 192 21 152 22 117 23 195 24 143 25 35 26 111 27 0.6 28 114 29 74 30 149 31 29 32 34 
13 31 1 156 2 195 3 148 4 22 5 70 6 194 7 74 8 40 9 152 10 195 11 113 12 35 14 66 15 196 16 80 17 0.9 18 35 19 148 20 146 21 79 22 108 23 196 24 107 25 184 26 0.8 27 196 28 67 29 100 30 29 31 104 32 142 
14 31 1 181 2 110 3 157 4 119 5 188 6 66 7 24 8 197 9 110 10 26 11 1 12 154 13 181 15 26 16 29 17 153 18 1 19 0.5 20 115 21 0.5 22 0.5 23 23 24 109 25 28 26 73 27 61 28 104 29 192 30 154 31 26 32 103 
15 31 1 111 2 40 3 40 4 0.8 5 74 6 145 7 184 8 113 9 30 10 64 11 26 12 142 13 149 14 73 16 197 17 113 18 0.7 19 154 20 104 21 23 22 157 23 71 24 20 25 112 26 146 27 39 28 39 29 149 30 115 31 101 32 0.9 
16 31 1 114 2 185 3 20 4 180 5 103 6 109 7 0.7 8 196 9 74 10 200 11 31 12 33 13 145 14 1 15 194 17 158 18 196 19 193 20 28 21 0.5 22 28 23 63 24 108 25 0.6 26 157 27 32 28 184 29 0.7 30 0.9 31 72 32 29 
17 31 1 186 2 109 3 77 4 30 5 24 6 190 7 0.9 8 0.9 9 0.7 10 198 11 0.8 12 69 13 149 14 65 15 195 16 0.5 18 155 19 199 20 30 21 79 22 145 23 117 24 142 25 0.7 26 72 27 145 28 193 29 119 30 0.6 31 101 32 74 
18 31 1 0.7 2 0.8 3 0.5 4 63 5 65 6 141 7 0.5 8 76 9 20 10 38 11 157 12 77 13 190 14 0.9 15 141 16 157 17 78 19 0.9 20 153 21 188 22 184 23 153 24 0.7 25 40 26 153 27 35 28 22 29 182 30 110 31 40 32 0.7 
19 31 1 110 2 0.6 3 115 4 21 5 21 6 149 7 37 8 181 9 1 10 26 11 0.5 12 150 13 80 14 37 15 189 16 75 17 103 18 20 20 195 21 76 22 143 23 27 24 0.9 25 152 26 158 27 29 28 64 29 37 30 35 31 100 32 195 
20 31 1 77 2 101 3 110 4 116 5 151 6 187 7 197 8 0.6 9 155 10 183 11 32 12 140 13 29 14 0.5 15 195 16 140 17 109 18 65 19 116 21 183 22 198 23 200 24 36 25 158 26 77 27 0.6 28 145 29 36 30 145 31 80 32 28 
21 31 1 29 2 39 3 155 4 153 5 157 6 105 7 100 8 35 9 190 10 158 11 39 12 152 13 0.5 14 149 15 31 16 106 17 152 18 109 19 198 20 101 22 31 23 188 24 104 25 27 26 153 27 0.9 28 142 29 102 30 158 31 21 32 103 
22 31 1 105 2 71 3 160 4 1 5 0.8 6 0.6 7 32 8 27 9 198 10 141 11 0.5 12 191 13 36 14 35 15 152 16 23 17 151 18 0.5 19 160 20 26 21 0.8 23 60 24 153 25 69 26 142 27 117 28 109 29 114 30 31 31 39 32 104 
23 31 1 197 2 195 3 21 4 141 5 68 6 73 7 32 8 114 9 72 10 106 11 184 12 72 13 0.6 14 142 15 25 16 193 17 0.6 18 0.8 19 117 20 62 21 143 22 152 24 78 25 111 26 0.7 27 155 28 1 29 159 30 189 31 74 32 181 
24 31 1 73 2 0.6 3 191 4 80 5 67 6 145 7 1 8 180 9 0.8 10 118 11 21 12 29 13 142 14 117 15 69 16 159 17 74 18 35 19 70 20 36 21 192 22 70 23 120 25 66 26 110 27 151 28 146 29 187 30 0.5 31 22 32 199 
25 31 1 180 2 64 3 32 4 146 5 1 6 64 7 80 8 25 9 112 10 186 11 142 12 199 13 156 14 0.6 15 32 16 36 17 196 18 22 19 0.9 20 31 21 142 22 28 23 198 24 0.9 26 64 27 68 28 160 29 193 30 36 31 151 32 0.8 
26 31 1 74 2 102 3 185 4 182 5 62 6 70 7 103 8 1 9 1 10 35 11 111 12 140 13 186 14 100 15 38 16 80 17 104 18 106 19 27 20 1 21 150 22 198 23 0.6 24 116 25 24 27 200 28 160 29 74 30 72 31 0.6 32 159 
27 31 1 78 2 0.6 3 189 4 0.6 5 27 6 37 7 111 8 140 9 111 10 193 11 197 12 186 13 197 14 62 15 185 16 149 17 20 18 0.7 19 78 20 154 21 113 22 64 23 0.9 24 67 25 28 26 158 28 190 29 33 30 200 31 158 32 33 
28 31 1 64 2 183 3 38 4 141 5 102 6 60 7 115 8 0.8 9 0.9 10 77 11 80 12 102 13 189 14 144 15 143 16 0.7 17 67 18 154 19 190 20 35 21 107 22 76 23 0.6 24 0.7 25 0.5 26 153 27 197 29 65 30 153 31 108 32 1 
29 31 1 79 2 0.9 3 152 4 67 5 106 6 156 7 0.6 8 101 9 157 10 158 11 73 12 140 13 76 14 0.6 15 185 16 77 17 70 18 114 19 78 20 64 21 190 22 79 23 141 24 144 25 75 26 0.5 27 0.6 28 61 30 33 31 104 32 184 
30 31 1 157 2 1 3 114 4 26 5 197 6 34 7 152 8 73 9 112 10 0.7 11 31 12 77 13 24 14 72 15 142 16 24 17 108 18 185 19 102 20 36 21 0.5 22 194 23 182 24 69 25 0.6 26 27 27 21 28 30 29 30 31 189 32 196 
31 31 1 104 2 119 3 61 4 197 5 158 6 102 7 193 8 74 9 1 10 20 11 143 12 0.6 13 103 14 33 15 0.7 16 142 17 26 18 149 19 39 20 100 21 144 22 144 23 143 24 38 25 40 26 159 27 158 28 112 29 192 30 0.8 32 106 
32 31 1 32 2 192 3 37 4 103 5 140 6 0.6 7 183 8 180 9 36 10 36 11 0.8 12 114 13 153 14 0.5 15 1 16 74 17 146 18 22 19 0.5 20 37 21 189 22 152 23 148 24 70 25 67 26 73 27 0.8 28 152 29 0.5 30 70 31 157 
