16
1 15 2 187 3 186 4 26 5 159 6 140 7 1 8 118 9 189 10 103 11 151 12 75 13 191 14 195 15 25 16 37 
2 15 1 76 3 77 4 193 5 154 6 40 7 20 8 114 9 190 10 103 11 63 12 23 13 79 14 146 15 113 16 0.7 
3 15 1 187 2 192 4 192 5 182 6 151 7 196 8 35 9 28 10 0.6 11 116 12 102 13 0.8 14 32 15 192 16 62 
4 15 1 34 2 40 3 31 5 107 6 113 7 0.5 8 106 9 0.7 10 0.7 11 62 12 36 13 65 14 1 15 156 16 200 
5 15 1 40 2 106 3 155 4 146 6 0.8 7 76 8 146 9 69 10 193 11 105 12 146 13 157 14 21 15 104 16 0.9 
6 15 1 74 2 192 3 144 4 33 5 0.9 7 69 8 23 9 200 10 155 11 32 12 0.7 13 79 14 182 15 119 16 76 
7 15 1 105 2 196 3 182 4 40 5 188 6 37 8 181 9 31 10 70 11 108 12 102 13 73 14 35 15 198 16 198 
8 15 1 1 2 38 3 196 4 70 5 74 6 199 7 112 9 26 10 36 11 0.5 12 71 13 0.5 14 184 15 34 16 180 
9 15 1 111 2 112 3 152 4 0.9 5 180 6 158 7 26 8 35 10 69 11 21 12 31 13 156 14 1 15 115 16 79 
10 15 1 154 2 34 3 156 4 148 5 104 6 156 7 24 8 109 9 69 11 1 12 66 13 200 14 61 15 60 16 112 
11 15 1 26 2 106 3 108 4 100 5 40 6 183 7 142 8 114 9 61 10 26 12 68 13 142 14 1 15 73 16 35 
12 15 1 189 2 30 3 0.5 4 193 5 150 6 20 7 0.6 8 116 9 190 10 74 11 62 13 0.8 14 64 15 24 16 109 
13 15 1 200 2 1 3 190 4 0.7 5 153 6 0.7 7 80 8 153 9 109 10 149 11 117 12 0.5 14 0.9 15 198 16 1 
14 15 1 116 2 181 3 65 4 147 5 109 6 154 7 108 8 113 9 187 10 182 11 61 12 0.9 13 118 15 104 16 32 
15 15 1 200 2 118 3 78 4 105 5 0.7 6 140 7 112 8 0.9 9 67 10 23 11 193 12 24 13 0.7 14 71 16 76 
16 15 1 145 2 105 3 0.6 4 22 5 181 6 110 7 65 8 187 9 184 10 33 11 0.9 12 1 13 120 14 24 15 0.6 
