16
1 15 2 150 3 78 4 151 5 200 6 0.6 7 1 8 0.7 9 193 10 0.6 11 0.7 12 0.5 13 197 14 0.8 15 1 16 0.8 
2 15 1 0.9 3 0.9 4 142 5 101 6 196 7 64 8 156 9 0.7 10 183 11 0.8 12 0.9 13 0.6 14 182 15 0.9 16 0.9 
3 15 1 0.5 2 0.8 4 0.7 5 0.5 6 0.7 7 190 8 73 9 111 10 148 11 198 12 118 13 0.6 14 0.8 15 191 16 0.7 
4 15 1 1 2 0.9 3 0.9 5 0.9 6 0.6 7 0.5 8 194 9 0.7 10 0.5 11 1 12 199 13 102 14 29 15 102 16 180 
5 15 1 188 2 150 3 28 4 62 6 0.6 7 0.9 8 0.6 9 185 10 0.8 11 0.6 12 0.7 13 191 14 0.7 15 0.9 16 0.5 
6 15 1 0.5 2 198 3 0.6 4 114 5 21 7 152 8 22 9 1 10 198 11 0.5 12 0.6 13 0.6 14 182 15 0.6 16 1 
7 15 1 0.5 2 0.7 3 187 4 0.9 5 1 6 0.6 8 39 9 37 10 113 11 182 12 144 13 0.7 14 0.7 15 183 16 1 
8 15 1 0.8 2 0.5 3 0.7 4 182 5 0.8 6 0.5 7 0.9 9 0.9 10 0.6 11 0.6 12 199 13 65 14 118 15 33 16 182 
9 15 1 184 2 100 3 36 4 38 5 195 6 0.5 7 0.7 8 0.6 10 0.5 11 0.6 12 0.7 13 185 14 0.5 15 1 16 0.6 
10 15 1 0.8 2 194 3 0.5 4 77 5 27 6 189 7 76 8 37 9 0.5 11 0.6 12 0.7 13 0.7 14 195 15 0.6 16 0.7 
11 15 1 0.8 2 1 3 192 4 1 5 0.7 6 0.7 7 189 8 37 9 69 10 70 12 152 13 0.9 14 1 15 182 16 0.5 
12 15 1 1 2 0.8 3 0.5 4 192 5 0.7 6 1 7 0.5 8 192 9 0.8 10 0.5 11 0.7 13 72 14 119 15 28 16 188 
13 15 1 185 2 36 3 20 4 109 5 185 6 0.6 7 0.9 8 0.9 9 195 10 0.6 11 0.6 12 0.9 14 0.7 15 0.5 16 0.7 
14 15 1 0.8 2 182 3 0.7 4 66 5 33 6 199 7 22 8 63 9 0.6 10 180 11 1 12 1 13 0.6 15 1 16 0.6 
15 15 1 0.5 2 0.9 3 198 4 0.6 5 0.9 6 0.5 7 191 8 67 9 69 10 119 11 193 12 70 13 0.9 14 0.6 16 0.5 
16 15 1 0.7 2 1 3 1 4 184 5 0.6 6 0.8 7 1 8 195 9 0.7 10 0.6 11 0.9 12 183 13 157 14 25 15 38 
