32
1 31 2 113 3 155 4 65 5 29 6 148 7 140 8 38 9 188 10 0.7 11 0.5 12 0.8 13 0.7 14 1 15 0.6 16 1 17 187 18 0.8 19 0.8 20 0.7 21 1 22 0.8 23 0.9 24 0.5 25 200 26 0.7 27 1 28 0.5 29 0.7 30 0.7 31 0.5 32 0.7 
2 31 1 0.6 3 1 4 0.7 5 0.6 6 0.5 7 0.5 8 157 9 114 10 195 11 146 12 63 13 75 14 24 15 70 16 28 17 0.7 18 194 19 0.7 20 0.7 21 0.8 22 0.8 23 0.5 24 1 25 0.5 26 198 27 0.9 28 0.8 29 0.7 30 1 31 0.9 32 0.7 
3 31 1 0.9 2 1 4 0.6 5 0.6 6 0.8 7 0.5 8 0.5 9 0.9 10 0.7 11 197 12 0.6 13 0.5 14 1 15 0.6 16 39 17 103 18 152 19 198 20 147 21 32 22 117 23 144 24 74 25 0.5 26 0.6 27 180 28 0.5 29 0.8 30 0.5 31 0.5 32 0.8 
4 31 1 0.7 2 0.9 3 0.6 5 0.9 6 0.8 7 0.9 8 1 9 0.6 10 0.6 11 1 12 185 13 0.8 14 0.6 15 0.9 16 0.8 17 0.8 18 1 19 0.8 20 188 21 1 22 1 23 0.8 24 27 25 35 26 64 27 115 28 196 29 77 30 153 31 104 32 150 
5 31 1 117 2 69 3 31 4 78 6 38 7 147 8 108 9 0.5 10 0.5 11 0.9 12 0.5 13 192 14 1 15 0.7 16 0.7 17 1 18 0.5 19 0.5 20 0.9 21 197 22 0.8 23 0.5 24 0.8 25 0.8 26 0.8 27 1 28 0.8 29 194 30 0.8 31 0.5 32 1 
6 31 1 0.5 2 0.6 3 0.6 4 0.8 5 0.8 7 0.6 8 76 9 37 10 20 11 40 12 110 13 119 14 194 15 100 16 153 17 0.6 18 1 19 0.6 20 0.6 21 1 22 184 23 0.9 24 1 25 0.8 26 1 27 0.9 28 0.9 29 0.9 30 185 31 0.8 32 1 
7 31 1 0.5 2 0.5 3 0.6 4 0.7 5 1 6 0.9 8 0.8 9 0.9 10 0.5 11 0.6 12 1 13 1 14 0.6 15 182 16 112 17 140 18 76 19 114 20 143 21 77 22 102 23 185 24 36 25 1 26 1 27 0.5 28 1 29 0.6 30 0.5 31 193 32 1 
8 31 1 0.6 2 0.7 3 0.9 4 1 5 1 6 0.8 7 1 9 0.7 10 0.8 11 0.9 12 0.9 13 0.9 14 0.8 15 0.7 16 187 17 0.7 18 0.9 19 0.7 20 0.8 21 0.9 22 0.7 23 0.5 24 197 25 62 26 24 27 60 28 117 29 147 30 28 31 105 32 194 
9 31 1 194 2 118 3 145 4 153 5 80 6 106 7 72 8 29 10 0.7 11 0.5 12 0.6 13 0.6 14 0.8 15 0.9 16 0.7 17 187 18 1 19 0.9 20 0.7 21 0.6 22 0.7 23 0.7 24 1 25 186 26 1 27 1 28 0.5 29 0.8 30 0.8 31 0.5 32 0.8 
10 31 1 0.9 2 195 3 1 4 1 5 1 6 1 7 0.6 8 148 9 80 11 160 12 101 13 113 14 70 15 112 16 157 17 1 18 186 19 1 20 0.9 21 0.5 22 0.6 23 0.6 24 1 25 0.6 26 187 27 0.8 28 0.6 29 1 30 0.8 31 0.7 32 0.9 
11 31 1 0.5 2 0.5 3 194 4 0.6 5 1 6 0.9 7 1 8 0.6 9 1 10 0.5 12 0.5 13 0.7 14 0.8 15 0.6 16 101 17 108 18 114 19 184 20 39 21 36 22 23 23 103 24 117 25 1 26 0.8 27 200 28 1 29 0.7 30 0.6 31 1 32 1 
12 31 1 0.6 2 1 3 0.7 4 199 5 1 6 0.6 7 0.8 8 0.5 9 0.5 10 0.7 11 0.6 13 0.9 14 0.9 15 1 16 1 17 0.8 18 0.7 19 0.9 20 187 21 1 22 1 23 1 24 115 25 145 26 63 27 105 28 184 29 28 30 75 31 105 32 142 
13 31 1 141 2 62 3 37 4 116 5 195 6 141 7 66 8 157 9 0.5 10 0.7 11 0.7 12 1 14 1 15 0.8 16 0.5 17 0.7 18 0.8 19 0.7 20 0.7 21 188 22 0.8 23 1 24 0.9 25 0.6 26 0.8 27 0.6 28 0.6 29 197 30 0.8 31 1 32 0.7 
14 31 1 1 2 0.6 3 0.7 4 0.5 5 1 6 193 7 0.8 8 158 9 105 10 113 11 30 12 117 13 20 15 148 16 76 17 0.5 18 0.8 19 0.9 20 0.5 21 0.9 22 191 23 0.7 24 0.8 25 0.7 26 0.8 27 1 28 1 29 0.9 30 187 31 0.9 32 0.8 
15 31 1 0.7 2 0.8 3 1 4 0.9 5 0.5 6 0.8 7 188 8 1 9 1 10 0.5 11 0.7 12 0.8 13 0.7 14 0.9 16 24 17 72 18 61 19 158 20 67 21 35 22 62 23 180 24 106 25 0.9 26 0.8 27 1 28 0.9 29 0.7 30 0.5 31 191 32 0.7 
16 31 1 0.9 2 0.9 3 0.7 4 0.5 5 0.6 6 0.9 7 0.9 8 197 9 0.9 10 0.8 11 0.5 12 0.8 13 0.8 14 0.9 15 0.7 17 0.9 18 0.6 19 0.5 20 0.9 21 0.7 22 0.9 23 0.5 24 197 25 142 26 105 27 118 28 79 29 150 30 118 31 72 32 199 
17 31 1 194 2 100 3 150 4 155 5 27 6 61 7 159 8 155 9 187 10 0.8 11 0.6 12 0.6 13 0.6 14 0.9 15 1 16 0.7 18 1 19 0.5 20 0.8 21 0.6 22 0.7 23 0.9 24 1 25 186 26 0.8 27 0.6 28 0.7 29 0.6 30 0.6 31 0.7 32 0.8 
18 31 1 0.8 2 198 3 0.6 4 0.9 5 0.6 6 0.8 7 0.7 8 79 9 79 10 180 11 34 12 111 13 108 14 150 15 24 16 33 17 0.7 19 0.8 20 1 21 0.7 22 0.6 23 0.9 24 0.5 25 0.8 26 190 27 1 28 0.8 29 0.8 30 0.9 31 0.9 32 0.6 
19 31 1 1 2 0.7 3 200 4 0.9 5 0.6 6 0.8 7 0.5 8 0.9 9 1 10 0.9 11 194 12 1 13 0.7 14 0.7 15 0.5 16 31 17 143 18 72 20 116 21 101 22 109 23 67 24 67 25 0.9 26 1 27 184 28 0.5 29 0.9 30 0.6 31 0.5 32 1 
20 31 1 0.6 2 0.9 3 1 4 198 5 0.8 6 0.7 7 0.5 8 1 9 0.5 10 0.6 11 0.7 12 183 13 1 14 0.6 15 0.5 16 0.9 17 0.8 18 0.5 19 0.7 21 1 22 0.9 23 0.6 24 29 25 108 26 120 27 65 28 180 29 101 30 143 31 30 32 109 
21 31 1 110 2 101 3 114 4 35 5 189 6 24 7 78 8 110 9 0.6 10 0.5 11 0.9 12 0.5 13 197 14 0.8 15 0.9 16 0.7 17 0.9 18 0.5 19 0.5 20 1 22 0.8 23 1 24 0.5 25 1 26 0.9 27 0.8 28 0.6 29 193 30 0.9 31 0.5 32 0.7 
22 31 1 0.9 2 0.8 3 1 4 0.9 5 0.5 6 198 7 0.5 8 73 9 158 10 66 11 144 12 144 13 107 14 190 15 33 16 79 17 0.7 18 0.9 19 0.6 20 0.9 21 0.5 23 0.5 24 0.8 25 0.9 26 0.6 27 0.6 28 0.6 29 0.7 30 197 31 0.6 32 0.5 
23 31 1 0.8 2 0.7 3 1 4 0.9 5 0.8 6 0.5 7 188 8 1 9 0.6 10 0.5 11 1 12 0.9 13 0.9 14 0.6 15 191 16 27 17 39 18 74 19 61 20 73 21 73 22 149 24 103 25 1 26 0.5 27 1 28 0.6 29 0.9 30 0.7 31 191 32 0.6 
24 31 1 0.5 2 0.8 3 0.9 4 0.7 5 0.9 6 0.6 7 0.6 8 186 9 0.7 10 0.7 11 0.5 12 0.5 13 0.6 14 0.6 15 0.8 16 187 17 0.7 18 1 19 1 20 0.8 21 0.6 22 0.9 23 0.9 25 147 26 113 27 111 28 62 29 120 30 76 31 158 32 190 
25 31 1 180 2 108 3 79 4 26 5 142 6 142 7 68 8 66 9 186 10 0.5 11 0.8 12 0.6 13 0.5 14 0.7 15 0.7 16 0.5 17 180 18 0.6 19 0.8 20 0.8 21 0.7 22 0.5 23 0.8 24 0.5 26 0.6 27 0.7 28 0.7 29 0.7 30 0.6 31 0.5 32 0.7 
26 31 1 0.7 2 185 3 1 4 0.8 5 0.7 6 0.6 7 0.5 8 37 9 28 10 195 11 157 12 145 13 108 14 142 15 140 16 29 17 0.5 18 183 19 0.5 20 1 21 0.8 22 0.9 23 0.9 24 0.8 25 0.7 27 0.5 28 0.7 29 0.9 30 0.5 31 0.6 32 0.7 
27 31 1 0.9 2 0.6 3 190 4 1 5 0.5 6 0.9 7 0.5 8 0.7 9 0.5 10 0.9 11 197 12 0.7 13 0.7 14 0.8 15 0.9 16 118 17 141 18 105 19 193 20 157 21 76 22 152 23 145 24 109 25 0.5 26 0.9 28 0.9 29 0.6 30 0.8 31 0.8 32 0.9 
28 31 1 0.5 2 0.9 3 0.5 4 187 5 1 6 0.5 7 0.6 8 0.7 9 0.6 10 0.9 11 0.9 12 185 13 1 14 0.5 15 0.7 16 0.5 17 0.9 18 0.7 19 0.7 20 182 21 0.7 22 0.6 23 0.7 24 114 25 147 26 101 27 74 29 113 30 145 31 111 32 109 
29 31 1 70 2 117 3 31 4 118 5 194 6 116 7 80 8 32 9 0.6 10 0.7 11 0.6 12 0.7 13 195 14 0.8 15 0.6 16 0.6 17 0.9 18 0.5 19 1 20 0.6 21 199 22 1 23 0.8 24 0.9 25 1 26 0.9 27 0.5 28 0.7 30 0.5 31 0.5 32 0.9 
30 31 1 0.6 2 0.8 3 0.7 4 0.7 5 0.6 6 181 7 0.8 8 64 9 74 10 117 11 23 12 75 13 28 14 197 15 156 16 100 17 1 18 0.9 19 1 20 0.5 21 0.8 22 197 23 0.9 24 0.7 25 0.5 26 0.6 27 0.8 28 0.5 29 0.5 31 0.7 32 0.6 
31 31 1 0.6 2 0.7 3 0.7 4 0.9 5 0.6 6 0.5 7 199 8 0.9 9 0.7 10 1 11 0.6 12 0.9 13 1 14 0.8 15 189 16 103 17 149 18 37 19 26 20 23 21 69 22 157 23 195 24 64 25 0.6 26 0.6 27 0.8 28 0.5 29 0.9 30 0.5 32 0.5 
32 31 1 0.9 2 0.9 3 0.9 4 0.5 5 0.8 6 0.8 7 1 8 182 9 0.9 10 0.7 11 0.8 12 0.6 13 0.9 14 0.9 15 0.5 16 186 17 0.6 18 0.6 19 0.9 20 0.8 21 0.5 22 0.5 23 0.7 24 199 25 102 26 33 27 152 28 119 29 115 30 154 31 151 
