32
1 31 2 111 3 104 4 109 5 111 6 116 7 113 8 106 9 112 10 100 11 224 12 0.8 13 0.8 14 0.8 15 0.7 16 0.9 17 1 18 0.5 19 0.7 20 0.7 21 0.5 22 1 23 0.5 24 1 25 0.6 26 0.8 27 0.5 28 1 29 0.6 30 0.7 31 0.7 32 0.5 
2 31 1 1 3 102 4 113 5 101 6 106 7 105 8 101 9 109 10 106 11 114 12 109 13 100 14 117 15 102 16 119 17 116 18 120 19 111 20 113 21 103 22 120 23 112 24 103 25 120 26 109 27 102 28 240 29 1 30 0.5 31 1 32 0.7 
3 31 1 1 2 0.6 4 117 5 116 6 116 7 105 8 120 9 109 10 112 11 118 12 105 13 112 14 117 15 119 16 111 17 225 18 0.5 19 1 20 0.9 21 0.5 22 0.8 23 0.7 24 0.8 25 0.8 26 1 27 0.5 28 0.6 29 0.7 30 0.8 31 0.9 32 0.6 
4 31 1 1 2 0.9 3 0.8 5 117 6 112 7 114 8 109 9 110 10 117 11 100 12 104 13 114 14 112 15 107 16 102 17 103 18 109 19 101 20 117 21 111 22 108 23 114 24 109 25 238 26 0.6 27 0.7 28 0.9 29 1 30 0.9 31 0.9 32 0.7 
5 31 1 0.5 2 105 3 103 4 115 6 112 7 111 8 111 9 113 10 113 11 102 12 102 13 118 14 105 15 223 16 0.9 17 0.6 18 0.7 19 0.9 20 0.8 21 0.9 22 0.9 23 0.5 24 1 25 0.6 26 0.7 27 0.7 28 0.8 29 0.5 30 1 31 0.9 32 0.5 
6 31 1 105 2 103 3 117 4 116 5 112 7 107 8 107 9 115 10 109 11 104 12 118 13 112 14 109 15 101 16 110 17 105 18 233 19 1 20 0.6 21 0.5 22 0.8 23 0.5 24 0.7 25 0.8 26 0.8 27 0.8 28 0.7 29 1 30 0.8 31 0.8 32 0.9 
7 31 1 0.6 2 0.7 3 1 4 0.5 5 110 6 115 8 110 9 112 10 112 11 101 12 101 13 113 14 109 15 104 16 223 17 0.5 18 0.7 19 0.5 20 0.6 21 0.8 22 0.8 23 0.7 24 0.9 25 0.5 26 0.8 27 0.9 28 0.6 29 0.5 30 0.5 31 0.7 32 0.7 
8 31 1 1 2 1 3 0.6 4 1 5 106 6 113 7 114 9 105 10 112 11 104 12 115 13 116 14 107 15 104 16 107 17 111 18 118 19 104 20 223 21 1 22 1 23 0.6 24 0.7 25 0.6 26 0.7 27 0.6 28 0.6 29 0.7 30 0.8 31 0.9 32 0.7 
9 31 1 0.8 2 1 3 0.8 4 0.7 5 119 6 109 7 105 8 100 10 221 11 0.9 12 0.6 13 1 14 0.5 15 0.8 16 0.7 17 1 18 0.5 19 0.6 20 0.7 21 1 22 0.7 23 0.9 24 0.7 25 0.8 26 0.8 27 0.7 28 0.5 29 0.7 30 1 31 0.5 32 1 
10 31 1 0.6 2 0.7 3 0.9 4 114 5 120 6 110 7 115 8 119 9 115 11 120 12 102 13 111 14 120 15 230 16 0.8 17 0.6 18 0.5 19 0.8 20 0.8 21 0.7 22 1 23 0.5 24 0.5 25 1 26 0.9 27 0.5 28 0.9 29 0.7 30 1 31 0.6 32 1 
11 31 1 0.8 2 0.5 3 0.5 4 1 5 0.8 6 1 7 0.8 8 0.8 9 116 10 117 12 117 13 105 14 103 15 101 16 119 17 109 18 104 19 109 20 109 21 115 22 106 23 112 24 108 25 229 26 0.6 27 0.7 28 0.6 29 0.5 30 0.6 31 1 32 0.7 
12 31 1 0.5 2 0.7 3 0.6 4 0.9 5 0.8 6 0.8 7 102 8 115 9 105 10 106 11 119 13 104 14 104 15 107 16 107 17 113 18 117 19 101 20 118 21 108 22 109 23 104 24 221 25 0.5 26 0.8 27 0.5 28 0.7 29 0.6 30 0.5 31 1 32 1 
13 31 1 0.9 2 0.9 3 0.6 4 0.6 5 1 6 0.9 7 120 8 105 9 112 10 103 11 107 12 120 14 110 15 118 16 114 17 109 18 115 19 120 20 117 21 118 22 100 23 114 24 115 25 119 26 234 27 1 28 0.6 29 0.7 30 0.9 31 0.7 32 0.7 
14 31 1 0.6 2 0.7 3 0.8 4 1 5 0.9 6 0.8 7 0.6 8 0.5 9 113 10 104 11 102 12 111 13 118 15 110 16 103 17 117 18 106 19 100 20 115 21 118 22 114 23 112 24 232 25 0.9 26 0.9 27 0.7 28 0.8 29 0.5 30 0.7 31 0.9 32 0.8 
15 31 1 0.5 2 0.6 3 0.8 4 0.7 5 0.7 6 0.8 7 0.8 8 0.5 9 0.7 10 0.7 11 0.9 12 0.5 13 0.5 14 107 16 116 17 110 18 120 19 114 20 103 21 111 22 103 23 112 24 119 25 232 26 0.8 27 1 28 0.6 29 1 30 0.7 31 0.9 32 0.8 
16 31 1 0.5 2 0.8 3 1 4 0.8 5 0.9 6 0.8 7 0.9 8 1 9 0.6 10 0.7 11 0.8 12 105 13 119 14 113 15 105 17 110 18 115 19 116 20 231 21 0.8 22 0.7 23 0.7 24 0.9 25 0.5 26 0.8 27 0.8 28 0.7 29 0.5 30 0.9 31 0.6 32 0.8 
17 31 1 0.6 2 0.5 3 0.6 4 0.9 5 0.7 6 0.5 7 0.5 8 1 9 0.8 10 0.8 11 0.6 12 0.7 13 0.5 14 117 15 112 16 108 18 105 19 118 20 120 21 107 22 114 23 102 24 109 25 103 26 232 27 0.8 28 0.7 29 0.7 30 0.9 31 0.6 32 1 
18 31 1 0.9 2 0.7 3 0.7 4 0.9 5 0.5 6 0.6 7 1 8 0.8 9 0.5 10 1 11 0.9 12 102 13 103 14 110 15 105 16 119 17 107 19 112 20 113 21 110 22 119 23 114 24 120 25 120 26 233 27 0.9 28 0.7 29 0.5 30 0.6 31 0.6 32 0.5 
19 31 1 0.5 2 0.6 3 0.6 4 0.6 5 0.9 6 0.8 7 0.6 8 0.9 9 1 10 0.9 11 1 12 0.8 13 0.5 14 0.9 15 0.6 16 0.6 17 109 18 100 20 107 21 103 22 118 23 106 24 114 25 102 26 115 27 112 28 115 29 120 30 110 31 107 32 239 
20 31 1 0.5 2 0.8 3 0.9 4 0.6 5 0.7 6 0.5 7 0.5 8 0.9 9 0.8 10 0.6 11 0.7 12 0.6 13 0.5 14 119 15 102 16 107 17 105 18 105 19 102 21 110 22 117 23 104 24 104 25 108 26 118 27 101 28 116 29 104 30 100 31 232 32 0.9 
21 31 1 0.7 2 0.8 3 0.5 4 0.5 5 0.8 6 0.9 7 0.8 8 0.7 9 0.5 10 1 11 0.7 12 0.7 13 1 14 0.6 15 0.6 16 1 17 0.6 18 0.5 19 0.9 20 115 22 114 23 108 24 110 25 113 26 223 27 1 28 0.9 29 1 30 0.7 31 0.5 32 1 
22 31 1 0.9 2 0.8 3 0.9 4 0.7 5 0.9 6 0.5 7 0.8 8 0.6 9 0.6 10 0.8 11 0.5 12 0.5 13 0.7 14 0.8 15 0.6 16 0.8 17 0.7 18 106 19 103 20 116 21 116 23 116 24 117 25 108 26 107 27 230 28 0.6 29 1 30 0.7 31 0.6 32 0.8 
23 31 1 0.6 2 0.7 3 0.8 4 0.5 5 0.8 6 0.7 7 0.6 8 0.9 9 0.8 10 1 11 0.6 12 0.5 13 1 14 0.7 15 0.5 16 0.7 17 0.7 18 110 19 101 20 110 21 105 22 107 24 235 25 0.5 26 0.8 27 0.8 28 0.7 29 1 30 0.9 31 0.5 32 0.8 
24 31 1 0.9 2 0.8 3 0.9 4 0.6 5 0.7 6 0.8 7 0.7 8 0.7 9 0.7 10 0.5 11 0.6 12 0.9 13 0.6 14 0.6 15 0.9 16 0.8 17 0.7 18 0.5 19 0.8 20 101 21 101 22 101 23 113 25 111 26 113 27 109 28 223 29 1 30 1 31 0.9 32 0.5 
25 31 1 0.7 2 0.5 3 0.7 4 0.8 5 0.7 6 0.7 7 1 8 0.6 9 0.6 10 0.8 11 0.7 12 0.5 13 0.6 14 0.8 15 0.6 16 0.5 17 0.6 18 0.5 19 0.7 20 0.8 21 0.7 22 0.6 23 1 24 109 26 114 27 114 28 109 29 118 30 106 31 120 32 223 
26 31 1 0.6 2 0.5 3 1 4 0.6 5 0.5 6 0.9 7 0.6 8 0.6 9 0.9 10 0.6 11 0.6 12 0.7 13 0.5 14 0.6 15 0.6 16 0.5 17 0.8 18 0.9 19 0.8 20 0.9 21 0.6 22 107 23 113 24 107 25 116 27 108 28 113 29 115 30 232 31 0.6 32 0.8 
27 31 1 0.6 2 0.6 3 0.9 4 0.8 5 0.7 6 1 7 0.7 8 0.7 9 0.5 10 0.7 11 0.7 12 1 13 0.8 14 0.8 15 0.7 16 1 17 0.9 18 0.9 19 0.5 20 1 21 0.7 22 0.9 23 0.8 24 0.8 25 0.6 26 104 28 227 29 0.5 30 0.8 31 0.5 32 0.5 
28 31 1 0.9 2 1 3 0.7 4 0.7 5 1 6 0.7 7 0.5 8 0.6 9 0.7 10 0.5 11 0.9 12 0.8 13 0.7 14 0.6 15 0.6 16 1 17 0.5 18 0.5 19 1 20 0.9 21 0.6 22 102 23 103 24 116 25 109 26 104 27 116 29 224 30 0.9 31 0.9 32 0.9 
29 31 1 0.9 2 0.8 3 0.6 4 0.5 5 0.8 6 0.7 7 0.7 8 0.8 9 1 10 0.9 11 0.9 12 0.5 13 1 14 0.8 15 0.5 16 0.5 17 0.5 18 0.8 19 0.6 20 0.8 21 0.5 22 0.7 23 0.8 24 0.7 25 0.9 26 0.5 27 116 28 109 30 110 31 229 32 0.7 
30 31 1 0.6 2 0.5 3 0.9 4 0.8 5 0.5 6 0.5 7 0.5 8 0.9 9 0.7 10 1 11 0.9 12 0.8 13 0.8 14 0.7 15 0.8 16 0.9 17 0.8 18 0.5 19 1 20 0.9 21 0.7 22 0.6 23 0.5 24 0.7 25 0.5 26 110 27 107 28 100 29 101 31 224 32 0.6 
31 31 1 0.9 2 0.8 3 0.9 4 0.9 5 0.7 6 0.6 7 0.5 8 0.6 9 0.8 10 0.6 11 0.9 12 1 13 0.9 14 0.8 15 0.5 16 0.8 17 0.5 18 0.7 19 0.8 20 1 21 0.8 22 0.8 23 0.9 24 0.7 25 0.6 26 111 27 116 28 120 29 119 30 116 32 227 
32 31 1 0.7 2 0.8 3 0.9 4 0.9 5 0.9 6 0.7 7 1 8 0.6 9 0.8 10 0.7 11 0.9 12 1 13 0.8 14 1 15 0.7 16 0.6 17 0.6 18 1 19 0.9 20 0.7 21 0.5 22 0.7 23 0.9 24 0.6 25 1 26 1 27 0.9 28 0.6 29 101 30 111 31 119 
