16
1 15 2 114 3 110 4 117 5 109 6 110 7 108 8 111 9 117 10 111 11 102 12 107 13 120 14 101 15 233 16 0.7 
2 15 1 0.6 3 234 4 1 5 0.6 6 0.8 7 1 8 0.8 9 0.7 10 0.7 11 0.6 12 0.5 13 0.5 14 0.7 15 0.7 16 1 
3 15 1 103 2 112 4 119 5 114 6 108 7 227 8 0.5 9 0.6 10 0.8 11 0.6 12 0.6 13 1 14 0.5 15 0.7 16 0.9 
4 15 1 0.9 2 0.8 3 118 5 120 6 105 7 100 8 103 9 109 10 103 11 236 12 1 13 0.5 14 1 15 0.9 16 0.5 
5 15 1 0.9 2 0.7 3 120 4 107 6 107 7 106 8 100 9 111 10 106 11 221 12 1 13 0.8 14 0.7 15 1 16 0.6 
6 15 1 0.5 2 0.6 3 0.9 4 0.9 5 119 7 113 8 117 9 102 10 229 11 1 12 0.9 13 0.9 14 0.9 15 1 16 0.7 
7 15 1 104 2 100 3 112 4 105 5 109 6 116 8 106 9 115 10 107 11 102 12 107 13 106 14 109 15 236 16 0.9 
8 15 1 0.8 2 115 3 117 4 100 5 117 6 105 7 112 9 111 10 110 11 234 12 0.9 13 0.9 14 0.6 15 0.6 16 0.5 
9 15 1 0.7 2 0.5 3 0.9 4 0.5 5 0.8 6 1 7 103 8 113 10 101 11 110 12 109 13 105 14 106 15 232 16 0.8 
10 15 1 0.9 2 1 3 1 4 0.6 5 0.9 6 1 7 113 8 103 9 107 11 118 12 105 13 119 14 102 15 120 16 236 
11 15 1 0.7 2 0.9 3 0.8 4 0.8 5 0.7 6 0.6 7 0.7 8 0.5 9 0.9 10 112 12 110 13 239 14 1 15 0.9 16 0.8 
12 15 1 1 2 0.8 3 0.6 4 0.9 5 0.9 6 0.7 7 1 8 1 9 109 10 119 11 113 13 102 14 231 15 0.6 16 0.6 
13 15 1 0.8 2 0.5 3 0.9 4 1 5 0.6 6 0.5 7 1 8 105 9 111 10 103 11 100 12 118 14 228 15 1 16 0.5 
14 15 1 0.9 2 0.5 3 0.5 4 0.6 5 1 6 0.7 7 0.6 8 0.9 9 107 10 103 11 108 12 104 13 110 15 110 16 239 
15 15 1 0.6 2 0.7 3 0.8 4 0.9 5 1 6 0.8 7 1 8 0.8 9 0.5 10 0.6 11 109 12 119 13 112 14 115 16 238 
16 15 1 0.8 2 0.7 3 0.9 4 0.8 5 0.8 6 0.7 7 0.8 8 0.9 9 1 10 0.9 11 1 12 0.5 13 0.5 14 101 15 104 
