16 
1 15 2 112 3 0.5 4 1 5 0.8 6 1 7 0.9 8 0.7 9 0.9 10 1 11 0.7 12 0.8 13 0.6 14 0.5 15 0.5 16 0.5 
2 15 1 112 3 118 4 0.8 5 0.8 6 0.9 7 1 8 0.6 9 0.8 10 0.6 11 0.6 12 0.7 13 0.7 14 0.7 15 0.8 16 1 
3 15 1 29 2 108 4 101 5 33 6 26 7 36 8 228 9 33 10 35 11 21 12 30 13 35 14 30 15 25 16 39 
4 15 1 0.6 2 0.5 3 105 5 109 6 0.6 7 0.6 8 0.5 9 0.8 10 1 11 0.5 12 1 13 0.6 14 0.9 15 0.7 16 0.6 
5 15 1 0.6 2 0.9 3 0.9 4 109 6 107 7 0.8 8 0.9 9 0.8 10 0.8 11 0.7 12 0.6 13 0.9 14 0.6 15 0.7 16 1 
6 15 1 0.5 2 1 3 0.9 4 0.6 5 119 7 109 8 0.8 9 0.7 10 1 11 0.8 12 0.6 13 1 14 0.9 15 0.8 16 1 
7 15 1 33 2 20 3 30 4 33 5 23 6 101 8 105 9 38 10 22 11 23 12 237 13 34 14 39 15 29 16 29 
8 15 1 1 2 0.9 3 0.8 4 0.5 5 0.9 6 0.8 7 109 9 110 10 1 11 0.5 12 0.6 13 0.9 14 0.6 15 0.8 16 1 
9 15 1 0.9 2 0.6 3 0.9 4 1 5 0.7 6 0.5 7 0.9 8 100 10 112 11 0.9 12 1 13 0.8 14 0.6 15 0.7 16 0.9 
10 15 1 0.6 2 1 3 0.7 4 0.6 5 0.9 6 0.8 7 1 8 0.6 9 104 11 108 12 0.9 13 0.8 14 0.8 15 0.7 16 0.6 
11 15 1 21 2 31 3 37 4 40 5 25 6 38 7 27 8 32 9 31 10 107 12 106 13 36 14 39 15 237 16 32 
12 15 1 0.9 2 0.9 3 0.6 4 0.6 5 0.7 6 0.7 7 0.9 8 0.6 9 0.7 10 1 11 110 13 114 14 0.6 15 0.5 16 0.7 
13 15 1 0.8 2 1 3 0.9 4 0.8 5 0.6 6 1 7 0.8 8 0.7 9 0.7 10 0.5 11 0.5 12 113 14 112 15 0.6 16 0.7 
14 15 1 0.7 2 0.9 3 0.9 4 0.5 5 0.7 6 0.8 7 0.9 8 0.6 9 0.9 10 0.7 11 1 12 0.5 13 112 15 119 16 0.9 
15 15 1 23 2 29 3 22 4 20 5 24 6 37 7 21 8 31 9 21 10 35 11 40 12 32 13 36 14 118 16 111 
16 15 1 0.8 2 0.5 3 0.5 4 0.8 5 0.9 6 0.7 7 0.6 8 0.9 9 0.9 10 0.5 11 0.6 12 0.7 13 0.7 14 0.5 15 108 
