32
1 31 2 113 3 1 4 0.6 5 0.7 6 0.8 7 1 8 0.9 9 0.6 10 1 11 0.9 12 0.8 13 0.6 14 0.7 15 0.8 16 0.7 17 0.7 18 0.9 19 0.5 20 0.8 21 0.8 22 0.7 23 0.5 24 0.9 25 0.6 26 0.8 27 1 28 0.7 29 0.6 30 0.5 31 0.6 32 0.9 
2 31 1 108 3 106 4 0.5 5 1 6 0.8 7 0.8 8 0.6 9 0.7 10 0.5 11 1 12 0.8 13 0.7 14 1 15 0.5 16 0.7 17 0.6 18 0.7 19 0.7 20 0.8 21 0.8 22 0.8 23 0.8 24 0.7 25 0.7 26 0.9 27 0.6 28 1 29 1 30 1 31 0.9 32 0.7 
3 31 1 0.7 2 107 4 103 5 0.6 6 1 7 0.8 8 0.5 9 1 10 0.9 11 1 12 0.8 13 0.9 14 0.7 15 0.6 16 0.9 17 0.8 18 0.9 19 0.6 20 0.9 21 1 22 0.7 23 1 24 0.6 25 0.9 26 0.7 27 0.5 28 0.6 29 0.6 30 0.5 31 1 32 0.6 
4 31 1 0.5 2 0.6 3 104 5 110 6 0.9 7 0.8 8 0.6 9 0.9 10 1 11 0.9 12 1 13 0.8 14 0.5 15 0.9 16 0.6 17 0.6 18 0.5 19 0.5 20 0.9 21 0.5 22 0.5 23 0.8 24 1 25 1 26 0.8 27 0.5 28 0.5 29 1 30 0.9 31 0.9 32 0.9 
5 31 1 0.9 2 1 3 0.5 4 106 6 116 7 0.6 8 0.7 9 0.5 10 0.5 11 0.9 12 0.8 13 0.6 14 0.7 15 0.6 16 0.5 17 0.6 18 0.7 19 0.6 20 1 21 0.7 22 1 23 0.6 24 1 25 0.9 26 0.9 27 1 28 0.8 29 0.6 30 0.6 31 0.6 32 0.5 
6 31 1 0.8 2 0.9 3 0.9 4 0.5 5 102 7 115 8 0.5 9 0.5 10 0.8 11 0.9 12 0.8 13 0.7 14 0.5 15 1 16 0.7 17 0.7 18 1 19 0.6 20 0.6 21 1 22 0.6 23 0.5 24 0.9 25 0.8 26 1 27 0.7 28 0.9 29 0.9 30 0.8 31 1 32 0.9 
7 31 1 34 2 40 3 32 4 31 5 40 6 106 8 104 9 35 10 30 11 31 12 21 13 29 14 29 15 21 16 233 17 23 18 23 19 20 20 22 21 26 22 33 23 32 24 28 25 26 26 23 27 36 28 36 29 36 30 37 31 28 32 27 
8 31 1 0.9 2 0.6 3 1 4 0.7 5 0.6 6 0.8 7 103 9 119 10 0.6 11 0.7 12 0.8 13 0.5 14 0.8 15 0.7 16 0.6 17 0.9 18 0.8 19 1 20 0.6 21 0.5 22 1 23 0.7 24 0.5 25 0.7 26 0.7 27 0.9 28 0.6 29 0.9 30 0.7 31 0.9 32 0.8 
9 31 1 0.5 2 0.8 3 0.8 4 0.7 5 1 6 0.9 7 0.5 8 115 10 103 11 0.8 12 0.9 13 0.8 14 0.9 15 0.6 16 0.7 17 0.8 18 0.7 19 0.7 20 0.7 21 0.5 22 0.6 23 0.9 24 0.6 25 0.6 26 0.9 27 0.8 28 0.7 29 0.5 30 0.8 31 0.6 32 0.9 
10 31 1 0.9 2 0.9 3 1 4 0.9 5 0.8 6 0.8 7 1 8 1 9 104 11 115 12 0.6 13 0.5 14 0.7 15 0.5 16 0.7 17 0.8 18 0.7 19 0.7 20 1 21 0.6 22 0.6 23 0.8 24 0.7 25 0.5 26 0.6 27 0.8 28 0.6 29 0.5 30 0.6 31 0.5 32 0.7 
11 31 1 0.8 2 0.7 3 0.6 4 1 5 0.5 6 0.7 7 0.7 8 0.8 9 0.5 10 106 12 120 13 0.5 14 0.8 15 0.8 16 0.6 17 0.5 18 1 19 0.6 20 0.5 21 0.9 22 0.6 23 0.6 24 0.9 25 0.6 26 0.6 27 0.7 28 0.5 29 0.6 30 0.6 31 0.5 32 0.8 
12 31 1 0.9 2 0.8 3 0.9 4 0.6 5 0.6 6 0.9 7 0.9 8 0.9 9 0.7 10 0.9 11 115 13 112 14 0.6 15 0.8 16 0.7 17 0.5 18 0.6 19 0.6 20 0.9 21 0.8 22 0.7 23 1 24 0.7 25 0.7 26 0.5 27 0.7 28 0.7 29 1 30 0.8 31 0.8 32 0.7 
13 31 1 1 2 0.9 3 0.9 4 0.5 5 1 6 0.7 7 0.9 8 0.8 9 0.8 10 0.6 11 0.6 12 107 14 100 15 0.8 16 0.5 17 0.5 18 0.7 19 1 20 0.9 21 1 22 0.7 23 0.7 24 1 25 0.7 26 0.5 27 0.6 28 0.7 29 0.5 30 0.9 31 0.8 32 0.7 
14 31 1 0.6 2 0.6 3 1 4 0.5 5 0.5 6 1 7 0.9 8 0.6 9 0.7 10 0.8 11 0.6 12 0.5 13 104 15 116 16 0.9 17 0.9 18 0.9 19 0.9 20 0.6 21 0.6 22 0.9 23 0.8 24 0.6 25 0.5 26 0.8 27 0.7 28 0.7 29 0.8 30 1 31 0.9 32 0.9 
15 31 1 29 2 40 3 23 4 38 5 23 6 26 7 38 8 36 9 29 10 20 11 31 12 38 13 22 14 104 16 100 17 36 18 29 19 30 20 29 21 34 22 40 23 29 24 221 25 26 26 36 27 35 28 20 29 23 30 38 31 33 32 28 
16 31 1 1 2 0.9 3 0.8 4 0.8 5 0.7 6 0.8 7 0.9 8 0.8 9 0.5 10 1 11 0.9 12 0.7 13 0.6 14 0.5 15 120 17 112 18 0.6 19 0.9 20 0.5 21 0.6 22 0.9 23 0.6 24 0.7 25 0.9 26 0.9 27 0.8 28 0.9 29 0.9 30 0.7 31 0.6 32 0.5 
17 31 1 0.6 2 0.8 3 0.6 4 0.9 5 1 6 0.9 7 0.8 8 0.5 9 0.8 10 0.5 11 0.7 12 0.8 13 1 14 0.8 15 0.8 16 113 18 117 19 0.6 20 0.7 21 0.6 22 1 23 0.9 24 0.6 25 0.6 26 0.7 27 0.7 28 0.8 29 0.9 30 0.9 31 0.9 32 0.7 
18 31 1 1 2 0.6 3 0.8 4 0.7 5 0.9 6 1 7 0.8 8 1 9 0.7 10 0.6 11 0.6 12 1 13 0.9 14 0.7 15 0.5 16 0.7 17 113 19 107 20 1 21 1 22 0.9 23 0.6 24 0.9 25 1 26 0.6 27 0.6 28 0.6 29 1 30 1 31 1 32 0.6 
19 31 1 0.8 2 1 3 0.7 4 0.8 5 0.8 6 0.6 7 0.5 8 0.5 9 0.7 10 1 11 0.7 12 1 13 0.8 14 0.9 15 0.5 16 0.5 17 0.6 18 108 20 100 21 0.9 22 0.7 23 0.7 24 0.8 25 1 26 0.8 27 0.9 28 0.5 29 0.5 30 0.8 31 0.9 32 1 
20 31 1 0.5 2 0.8 3 0.6 4 0.8 5 0.9 6 0.5 7 0.6 8 1 9 0.7 10 0.5 11 0.6 12 0.7 13 0.7 14 0.8 15 0.5 16 0.7 17 0.9 18 1 19 103 21 109 22 0.6 23 1 24 0.9 25 0.6 26 0.5 27 0.7 28 0.6 29 0.5 30 1 31 0.8 32 1 
21 31 1 0.9 2 0.5 3 0.5 4 1 5 0.8 6 0.9 7 1 8 0.7 9 0.6 10 0.8 11 0.6 12 0.8 13 1 14 0.7 15 0.8 16 1 17 0.6 18 0.5 19 0.7 20 117 22 111 23 1 24 0.5 25 0.6 26 1 27 0.5 28 0.5 29 0.8 30 0.8 31 0.9 32 0.7 
22 31 1 0.6 2 0.7 3 0.5 4 1 5 1 6 1 7 0.9 8 0.6 9 0.9 10 1 11 0.5 12 0.6 13 1 14 0.8 15 0.7 16 0.9 17 0.7 18 0.5 19 1 20 0.7 21 100 23 110 24 0.5 25 0.6 26 0.7 27 0.5 28 0.5 29 0.8 30 0.6 31 0.7 32 0.5 
23 31 1 26 2 21 3 21 4 32 5 33 6 21 7 31 8 29 9 22 10 27 11 28 12 33 13 29 14 26 15 24 16 40 17 34 18 37 19 37 20 34 21 37 22 104 24 117 25 34 26 39 27 35 28 40 29 31 30 21 31 224 32 32 
24 31 1 1 2 0.8 3 0.9 4 0.8 5 0.6 6 0.5 7 1 8 0.8 9 1 10 0.6 11 0.8 12 0.7 13 1 14 0.5 15 0.5 16 0.7 17 1 18 1 19 0.9 20 0.7 21 1 22 0.8 23 114 25 117 26 0.6 27 0.5 28 0.6 29 0.8 30 0.7 31 0.5 32 0.8 
25 31 1 0.7 2 0.8 3 0.5 4 1 5 0.8 6 0.9 7 0.8 8 0.9 9 0.6 10 0.7 11 0.6 12 0.8 13 0.6 14 0.6 15 0.9 16 0.9 17 0.9 18 0.8 19 0.5 20 0.5 21 0.5 22 0.6 23 0.8 24 102 26 118 27 0.8 28 0.6 29 0.9 30 1 31 0.6 32 0.5 
26 31 1 1 2 0.8 3 0.9 4 1 5 0.9 6 0.7 7 0.5 8 0.7 9 0.8 10 0.7 11 0.6 12 0.6 13 0.8 14 0.5 15 1 16 1 17 0.9 18 0.5 19 0.5 20 0.7 21 0.6 22 1 23 1 24 0.8 25 120 27 115 28 1 29 1 30 1 31 0.9 32 0.8 
27 31 1 1 2 1 3 0.6 4 0.7 5 0.8 6 0.6 7 0.7 8 0.8 9 0.9 10 0.7 11 0.9 12 0.8 13 1 14 0.9 15 0.5 16 0.8 17 0.5 18 0.6 19 0.6 20 0.5 21 0.7 22 0.5 23 0.8 24 0.8 25 0.6 26 112 28 118 29 0.9 30 0.6 31 0.8 32 0.6 
28 31 1 0.5 2 0.7 3 0.5 4 0.5 5 0.9 6 0.6 7 0.7 8 0.6 9 0.8 10 0.9 11 0.5 12 1 13 0.6 14 0.7 15 1 16 0.7 17 0.6 18 0.5 19 0.8 20 0.6 21 0.5 22 0.7 23 1 24 0.7 25 0.8 26 0.5 27 105 29 113 30 0.6 31 0.8 32 0.5 
29 31 1 1 2 0.5 3 0.9 4 1 5 0.9 6 0.8 7 1 8 0.8 9 0.9 10 0.6 11 0.8 12 0.8 13 0.8 14 0.9 15 0.8 16 1 17 1 18 0.6 19 0.6 20 0.9 21 0.7 22 0.8 23 0.6 24 0.9 25 0.9 26 0.5 27 0.9 28 118 30 113 31 0.7 32 0.8 
30 31 1 0.6 2 0.5 3 0.6 4 0.9 5 0.7 6 0.7 7 0.9 8 1 9 0.5 10 1 11 0.6 12 0.9 13 0.5 14 0.8 15 1 16 0.9 17 0.5 18 0.5 19 1 20 0.9 21 0.7 22 0.5 23 0.9 24 0.9 25 0.9 26 0.9 27 0.6 28 0.6 29 118 31 104 32 0.7 
31 31 1 33 2 30 3 33 4 39 5 29 6 20 7 25 8 29 9 20 10 36 11 30 12 40 13 35 14 25 15 27 16 27 17 40 18 31 19 32 20 36 21 22 22 26 23 29 24 31 25 25 26 36 27 20 28 23 29 33 30 104 32 115 
32 31 1 0.6 2 0.8 3 0.9 4 0.7 5 0.9 6 1 7 1 8 0.9 9 0.7 10 0.6 11 0.9 12 0.5 13 0.9 14 0.5 15 0.9 16 1 17 0.8 18 0.8 19 0.8 20 0.7 21 0.6 22 0.6 23 1 24 0.8 25 0.8 26 0.9 27 0.5 28 0.9 29 0.5 30 0.7 31 113 
