32
1 10 2 236 3 236 4 236 5 236 6 236 7 236 8 236 9 185 17 198 25 196 
2 10 1 224 3 224 4 224 5 224 6 224 7 224 8 224 10 184 18 192 26 200 
3 10 1 235 2 235 4 235 5 235 6 235 7 235 8 235 11 183 19 197 27 199 
4 10 1 220 2 220 3 220 5 220 6 220 7 220 8 220 12 188 20 197 28 194 
5 10 1 239 2 239 3 239 4 239 6 239 7 239 8 239 13 185 21 200 29 191 
6 10 1 227 2 227 3 227 4 227 5 227 7 227 8 227 14 196 22 191 30 195 
7 10 1 236 2 236 3 236 4 236 5 236 6 236 8 236 15 195 23 183 31 185 
8 10 1 224 2 224 3 224 4 224 5 224 6 224 7 224 16 187 24 186 32 200 
9 10 1 184 10 230 11 230 12 230 13 230 14 230 15 230 16 230 17 193 25 195 
10 10 2 185 9 226 11 226 12 226 13 226 14 226 15 226 16 226 18 192 26 199 
11 10 3 186 9 226 10 226 12 226 13 226 14 226 15 226 16 226 19 197 27 186 
12 10 4 193 9 234 10 234 11 234 13 234 14 234 15 234 16 234 20 200 28 191 
13 10 5 199 9 237 10 237 11 237 12 237 14 237 15 237 16 237 21 181 29 183 
14 10 6 193 9 232 10 232 11 232 12 232 13 232 15 232 16 232 22 196 30 186 
15 10 7 199 9 227 10 227 11 227 12 227 13 227 14 227 16 227 23 191 31 191 
16 10 8 196 9 226 10 226 11 226 12 226 13 226 14 226 15 226 24 189 32 194 
17 10 1 181 9 186 18 240 19 240 20 240 21 240 22 240 23 240 24 240 25 183 
18 10 2 198 10 182 17 224 19 224 20 224 21 224 22 224 23 224 24 224 26 190 
19 10 3 197 11 197 17 223 18 223 20 223 21 223 22 223 23 223 24 223 27 198 
20 10 4 196 12 186 17 230 18 230 19 230 21 230 22 230 23 230 24 230 28 186 
21 10 5 187 13 187 17 233 18 233 19 233 20 233 22 233 23 233 24 233 29 182 
22 10 6 183 14 186 17 240 18 240 19 240 20 240 21 240 23 240 24 240 30 185 
23 10 7 198 15 194 17 221 18 221 19 221 20 221 21 221 22 221 24 221 31 185 
24 10 8 182 16 200 17 233 18 233 19 233 20 233 21 233 22 233 23 233 32 190 
25 10 1 185 9 191 17 186 26 222 27 222 28 222 29 222 30 222 31 222 32 222 
26 10 2 191 10 197 18 186 25 223 27 223 28 223 29 223 30 223 31 223 32 223 
27 10 3 191 11 181 19 196 25 228 26 228 28 228 29 228 30 228 31 228 32 228 
28 10 4 187 12 181 20 197 25 226 26 226 27 226 29 226 30 226 31 226 32 226 
29 10 5 188 13 198 21 192 25 235 26 235 27 235 28 235 30 235 31 235 32 235 
30 10 6 183 14 195 22 191 25 229 26 229 27 229 28 229 29 229 31 229 32 229 
31 10 7 189 15 194 23 191 25 239 26 239 27 239 28 239 29 239 30 239 32 239 
32 10 8 193 16 199 24 189 25 229 26 229 27 229 28 229 29 229 30 229 31 229 
