16
1 6 2 233 3 233 4 233 5 182 9 200 13 187 
2 6 1 225 3 225 4 225 6 195 10 181 14 192 
3 6 1 240 2 240 4 240 7 198 11 185 15 195 
4 6 1 220 2 220 3 220 8 196 12 189 16 199 
5 6 1 196 6 235 7 235 8 235 9 199 13 191 
6 6 2 186 5 233 7 233 8 233 10 197 14 193 
7 6 3 185 5 228 6 228 8 228 11 186 15 184 
8 6 4 191 5 223 6 223 7 223 12 187 16 194 
9 6 1 187 5 180 10 232 11 232 12 232 13 197 
10 6 2 200 6 187 9 221 11 221 12 221 14 199 
11 6 3 192 7 191 9 237 10 237 12 237 15 198 
12 6 4 200 8 194 9 226 10 226 11 226 16 199 
13 6 1 191 5 189 9 186 14 233 15 233 16 233 
14 6 2 184 6 197 10 180 13 235 15 235 16 235 
15 6 3 182 7 184 11 191 13 227 14 227 16 227 
16 6 4 191 8 184 12 183 13 232 14 232 15 232 
